DB 0 MOTIF	YTAMCCACTRVRCCA	MEME-2
 -43.0	1
 -42.0	1
 -41.0	0
 -40.0	2
 -39.0	0
 -38.0	0
 -37.0	3
 -36.0	1
 -35.0	1
 -34.0	1
 -33.0	2
 -32.0	3
 -31.0	1
 -30.0	1
 -29.0	1
 -28.0	1
 -27.0	6
 -26.0	3
 -25.0	0
 -24.0	4
 -23.0	6
 -22.0	2
 -21.0	4
 -20.0	7
 -19.0	5
 -18.0	7
 -17.0	4
 -16.0	7
 -15.0	3
 -14.0	1
 -13.0	3
 -12.0	4
 -11.0	8
 -10.0	3
  -9.0	0
  -8.0	4
  -7.0	4
  -6.0	5
  -5.0	8
  -4.0	11
  -3.0	4
  -2.0	4
  -1.0	2
   0.0	2
   1.0	4
   2.0	4
   3.0	6
   4.0	5
   5.0	5
   6.0	5
   7.0	7
   8.0	7
   9.0	1
  10.0	8
  11.0	6
  12.0	1
  13.0	6
  14.0	3
  15.0	2
  16.0	2
  17.0	2
  18.0	2
  19.0	4
  20.0	3
  21.0	0
  22.0	3
  23.0	3
  24.0	0
  25.0	2
  26.0	1
  27.0	3
  28.0	2
  29.0	2
  30.0	2
  31.0	3
  32.0	1
  33.0	1
  34.0	0
  35.0	0
  36.0	1
  37.0	1
  38.0	3
  39.0	1
  40.0	1
  41.0	1
  42.0	0
  43.0	1
DB 0 MOTIF	GCGYMWGACTNDWAA	MEME-3
 -43.0	0
 -42.0	2
 -41.0	0
 -40.0	1
 -39.0	0
 -38.0	0
 -37.0	0
 -36.0	1
 -35.0	0
 -34.0	0
 -33.0	1
 -32.0	0
 -31.0	0
 -30.0	0
 -29.0	0
 -28.0	1
 -27.0	2
 -26.0	1
 -25.0	0
 -24.0	1
 -23.0	0
 -22.0	0
 -21.0	1
 -20.0	0
 -19.0	1
 -18.0	2
 -17.0	0
 -16.0	1
 -15.0	1
 -14.0	4
 -13.0	3
 -12.0	1
 -11.0	4
 -10.0	4
  -9.0	1
  -8.0	2
  -7.0	6
  -6.0	4
  -5.0	5
  -4.0	2
  -3.0	3
  -2.0	8
  -1.0	2
   0.0	2
   1.0	5
   2.0	2
   3.0	2
   4.0	4
   5.0	4
   6.0	2
   7.0	0
   8.0	1
   9.0	1
  10.0	0
  11.0	3
  12.0	2
  13.0	3
  14.0	1
  15.0	3
  16.0	0
  17.0	2
  18.0	1
  19.0	1
  20.0	1
  21.0	0
  22.0	2
  23.0	2
  24.0	1
  25.0	1
  26.0	3
  27.0	2
  28.0	4
  29.0	1
  30.0	1
  31.0	1
  32.0	1
  33.0	0
  34.0	0
  35.0	0
  36.0	0
  37.0	2
  38.0	0
  39.0	0
  40.0	0
  41.0	0
  42.0	0
  43.0	0
DB 1 MOTIF	1-ACCACTAVRCYA	STREME-1
 -44.5	0
 -43.5	0
 -42.5	1
 -41.5	0
 -40.5	0
 -39.5	0
 -38.5	2
 -37.5	1
 -36.5	0
 -35.5	1
 -34.5	1
 -33.5	3
 -32.5	0
 -31.5	0
 -30.5	0
 -29.5	1
 -28.5	5
 -27.5	1
 -26.5	1
 -25.5	2
 -24.5	5
 -23.5	2
 -22.5	2
 -21.5	3
 -20.5	5
 -19.5	4
 -18.5	3
 -17.5	2
 -16.5	2
 -15.5	2
 -14.5	2
 -13.5	0
 -12.5	5
 -11.5	3
 -10.5	1
  -9.5	1
  -8.5	2
  -7.5	0
  -6.5	5
  -5.5	3
  -4.5	4
  -3.5	2
  -2.5	3
  -1.5	0
  -0.5	3
   0.5	0
   1.5	3
   2.5	4
   3.5	4
   4.5	4
   5.5	6
   6.5	1
   7.5	1
   8.5	6
   9.5	5
  10.5	0
  11.5	5
  12.5	2
  13.5	0
  14.5	4
  15.5	2
  16.5	2
  17.5	2
  18.5	2
  19.5	1
  20.5	3
  21.5	2
  22.5	0
  23.5	2
  24.5	2
  25.5	0
  26.5	0
  27.5	1
  28.5	0
  29.5	2
  30.5	1
  31.5	0
  32.5	4
  33.5	1
  34.5	1
  35.5	0
  36.5	2
  37.5	0
  38.5	0
  39.5	2
  40.5	0
  41.5	1
  42.5	1
  43.5	1
  44.5	2
DB 1 MOTIF	3-CCAACTDGGCYAH	STREME-3
 -44.0	1
 -43.0	0
 -42.0	1
 -41.0	0
 -40.0	0
 -39.0	1
 -38.0	2
 -37.0	2
 -36.0	1
 -35.0	0
 -34.0	0
 -33.0	0
 -32.0	2
 -31.0	3
 -30.0	1
 -29.0	1
 -28.0	1
 -27.0	0
 -26.0	3
 -25.0	2
 -24.0	1
 -23.0	2
 -22.0	3
 -21.0	0
 -20.0	3
 -19.0	0
 -18.0	3
 -17.0	2
 -16.0	2
 -15.0	2
 -14.0	2
 -13.0	3
 -12.0	3
 -11.0	1
 -10.0	4
  -9.0	2
  -8.0	4
  -7.0	2
  -6.0	2
  -5.0	4
  -4.0	1
  -3.0	3
  -2.0	4
  -1.0	3
   0.0	0
   1.0	1
   2.0	1
   3.0	2
   4.0	3
   5.0	3
   6.0	4
   7.0	2
   8.0	6
   9.0	3
  10.0	1
  11.0	3
  12.0	5
  13.0	3
  14.0	3
  15.0	0
  16.0	3
  17.0	0
  18.0	1
  19.0	1
  20.0	1
  21.0	1
  22.0	1
  23.0	0
  24.0	2
  25.0	1
  26.0	0
  27.0	1
  28.0	0
  29.0	2
  30.0	0
  31.0	1
  32.0	2
  33.0	0
  34.0	0
  35.0	1
  36.0	0
  37.0	0
  38.0	1
  39.0	0
  40.0	1
  41.0	3
  42.0	0
  43.0	0
  44.0	1
DB 1 MOTIF	4-AAGGCGYMWGACTN	STREME-4
 -43.5	0
 -42.5	0
 -41.5	0
 -40.5	0
 -39.5	0
 -38.5	1
 -37.5	0
 -36.5	1
 -35.5	0
 -34.5	0
 -33.5	0
 -32.5	1
 -31.5	1
 -30.5	2
 -29.5	1
 -28.5	0
 -27.5	0
 -26.5	1
 -25.5	0
 -24.5	2
 -23.5	0
 -22.5	0
 -21.5	0
 -20.5	1
 -19.5	0
 -18.5	1
 -17.5	1
 -16.5	0
 -15.5	0
 -14.5	3
 -13.5	4
 -12.5	0
 -11.5	0
 -10.5	7
  -9.5	5
  -8.5	3
  -7.5	1
  -6.5	3
  -5.5	8
  -4.5	2
  -3.5	4
  -2.5	4
  -1.5	4
  -0.5	1
   0.5	5
   1.5	2
   2.5	3
   3.5	0
   4.5	1
   5.5	1
   6.5	1
   7.5	2
   8.5	1
   9.5	2
  10.5	1
  11.5	2
  12.5	1
  13.5	1
  14.5	3
  15.5	3
  16.5	1
  17.5	0
  18.5	2
  19.5	0
  20.5	1
  21.5	0
  22.5	1
  23.5	0
  24.5	1
  25.5	2
  26.5	2
  27.5	1
  28.5	1
  29.5	0
  30.5	2
  31.5	0
  32.5	0
  33.5	0
  34.5	0
  35.5	0
  36.5	0
  37.5	0
  38.5	0
  39.5	0
  40.5	0
  41.5	0
  42.5	0
  43.5	0
DB 2 MOTIF	UP00020_1	Atf1_primary
 -42.5	1
 -41.5	0
 -40.5	1
 -39.5	0
 -38.5	0
 -37.5	0
 -36.5	0
 -35.5	0
 -34.5	1
 -33.5	0
 -32.5	0
 -31.5	0
 -30.5	0
 -29.5	0
 -28.5	1
 -27.5	1
 -26.5	1
 -25.5	0
 -24.5	0
 -23.5	2
 -22.5	1
 -21.5	2
 -20.5	1
 -19.5	0
 -18.5	1
 -17.5	0
 -16.5	2
 -15.5	0
 -14.5	1
 -13.5	0
 -12.5	0
 -11.5	1
 -10.5	2
  -9.5	1
  -8.5	1
  -7.5	0
  -6.5	1
  -5.5	1
  -4.5	0
  -3.5	1
  -2.5	3
  -1.5	0
  -0.5	2
   0.5	1
   1.5	1
   2.5	0
   3.5	0
   4.5	2
   5.5	0
   6.5	1
   7.5	1
   8.5	2
   9.5	3
  10.5	1
  11.5	3
  12.5	1
  13.5	0
  14.5	0
  15.5	1
  16.5	1
  17.5	0
  18.5	0
  19.5	1
  20.5	1
  21.5	0
  22.5	0
  23.5	2
  24.5	1
  25.5	3
  26.5	0
  27.5	2
  28.5	0
  29.5	0
  30.5	0
  31.5	1
  32.5	0
  33.5	0
  34.5	0
  35.5	0
  36.5	0
  37.5	0
  38.5	0
  39.5	0
  40.5	0
  41.5	1
  42.5	1
DB 2 MOTIF	UP00001_1	E2F2_primary
 -43.0	2
 -42.0	0
 -41.0	1
 -40.0	0
 -39.0	1
 -38.0	0
 -37.0	1
 -36.0	1
 -35.0	2
 -34.0	2
 -33.0	3
 -32.0	1
 -31.0	1
 -30.0	2
 -29.0	2
 -28.0	1
 -27.0	1
 -26.0	3
 -25.0	1
 -24.0	1
 -23.0	1
 -22.0	3
 -21.0	4
 -20.0	2
 -19.0	2
 -18.0	0
 -17.0	7
 -16.0	3
 -15.0	0
 -14.0	1
 -13.0	4
 -12.0	4
 -11.0	2
 -10.0	3
  -9.0	4
  -8.0	4
  -7.0	3
  -6.0	2
  -5.0	6
  -4.0	4
  -3.0	2
  -2.0	5
  -1.0	1
   0.0	3
   1.0	1
   2.0	3
   3.0	3
   4.0	5
   5.0	2
   6.0	1
   7.0	2
   8.0	1
   9.0	2
  10.0	4
  11.0	1
  12.0	2
  13.0	2
  14.0	4
  15.0	3
  16.0	0
  17.0	1
  18.0	3
  19.0	3
  20.0	3
  21.0	2
  22.0	2
  23.0	1
  24.0	1
  25.0	5
  26.0	2
  27.0	2
  28.0	2
  29.0	3
  30.0	2
  31.0	3
  32.0	0
  33.0	2
  34.0	3
  35.0	1
  36.0	1
  37.0	2
  38.0	0
  39.0	1
  40.0	1
  41.0	2
  42.0	1
  43.0	1
DB 2 MOTIF	UP00084_1	Gmeb1_primary
 -42.0	1
 -41.0	1
 -40.0	1
 -39.0	0
 -38.0	3
 -37.0	1
 -36.0	0
 -35.0	2
 -34.0	0
 -33.0	2
 -32.0	1
 -31.0	3
 -30.0	3
 -29.0	1
 -28.0	1
 -27.0	3
 -26.0	2
 -25.0	2
 -24.0	3
 -23.0	0
 -22.0	6
 -21.0	3
 -20.0	1
 -19.0	3
 -18.0	1
 -17.0	4
 -16.0	9
 -15.0	3
 -14.0	4
 -13.0	2
 -12.0	5
 -11.0	2
 -10.0	4
  -9.0	3
  -8.0	6
  -7.0	4
  -6.0	0
  -5.0	2
  -4.0	6
  -3.0	5
  -2.0	3
  -1.0	3
   0.0	5
   1.0	3
   2.0	4
   3.0	2
   4.0	3
   5.0	4
   6.0	4
   7.0	2
   8.0	3
   9.0	4
  10.0	12
  11.0	1
  12.0	5
  13.0	1
  14.0	3
  15.0	1
  16.0	2
  17.0	1
  18.0	1
  19.0	4
  20.0	0
  21.0	1
  22.0	3
  23.0	1
  24.0	1
  25.0	6
  26.0	4
  27.0	8
  28.0	2
  29.0	2
  30.0	3
  31.0	2
  32.0	1
  33.0	1
  34.0	4
  35.0	0
  36.0	1
  37.0	3
  38.0	0
  39.0	2
  40.0	1
  41.0	2
  42.0	6
DB 2 MOTIF	UP00103_1	Jundm2_primary
 -42.5	1
 -41.5	0
 -40.5	0
 -39.5	0
 -38.5	0
 -37.5	0
 -36.5	0
 -35.5	0
 -34.5	1
 -33.5	0
 -32.5	0
 -31.5	0
 -30.5	0
 -29.5	0
 -28.5	1
 -27.5	1
 -26.5	0
 -25.5	0
 -24.5	0
 -23.5	2
 -22.5	0
 -21.5	2
 -20.5	1
 -19.5	0
 -18.5	1
 -17.5	0
 -16.5	1
 -15.5	2
 -14.5	1
 -13.5	0
 -12.5	1
 -11.5	1
 -10.5	2
  -9.5	1
  -8.5	1
  -7.5	1
  -6.5	2
  -5.5	0
  -4.5	0
  -3.5	4
  -2.5	3
  -1.5	0
  -0.5	2
   0.5	1
   1.5	0
   2.5	4
   3.5	0
   4.5	2
   5.5	0
   6.5	1
   7.5	1
   8.5	2
   9.5	3
  10.5	1
  11.5	2
  12.5	0
  13.5	0
  14.5	1
  15.5	1
  16.5	1
  17.5	0
  18.5	2
  19.5	2
  20.5	1
  21.5	0
  22.5	0
  23.5	2
  24.5	1
  25.5	3
  26.5	0
  27.5	3
  28.5	0
  29.5	0
  30.5	0
  31.5	1
  32.5	1
  33.5	0
  34.5	0
  35.5	0
  36.5	0
  37.5	0
  38.5	0
  39.5	0
  40.5	0
  41.5	0
  42.5	1
DB 2 MOTIF	UP00052_1	Osr2_primary
 -42.5	0
 -41.5	0
 -40.5	1
 -39.5	0
 -38.5	0
 -37.5	1
 -36.5	1
 -35.5	1
 -34.5	1
 -33.5	2
 -32.5	1
 -31.5	0
 -30.5	0
 -29.5	1
 -28.5	0
 -27.5	4
 -26.5	0
 -25.5	2
 -24.5	0
 -23.5	1
 -22.5	3
 -21.5	0
 -20.5	0
 -19.5	0
 -18.5	3
 -17.5	0
 -16.5	3
 -15.5	0
 -14.5	0
 -13.5	2
 -12.5	2
 -11.5	4
 -10.5	1
  -9.5	1
  -8.5	4
  -7.5	3
  -6.5	1
  -5.5	2
  -4.5	2
  -3.5	2
  -2.5	0
  -1.5	3
  -0.5	3
   0.5	3
   1.5	4
   2.5	1
   3.5	3
   4.5	3
   5.5	1
   6.5	2
   7.5	0
   8.5	1
   9.5	0
  10.5	1
  11.5	1
  12.5	2
  13.5	2
  14.5	0
  15.5	0
  16.5	1
  17.5	5
  18.5	1
  19.5	1
  20.5	1
  21.5	1
  22.5	3
  23.5	2
  24.5	0
  25.5	1
  26.5	0
  27.5	0
  28.5	2
  29.5	1
  30.5	0
  31.5	2
  32.5	0
  33.5	0
  34.5	0
  35.5	0
  36.5	2
  37.5	1
  38.5	2
  39.5	0
  40.5	0
  41.5	0
  42.5	1
DB 2 MOTIF	UP00089_1	Tcf1_primary
 -42.0	4
 -41.0	2
 -40.0	2
 -39.0	3
 -38.0	1
 -37.0	1
 -36.0	0
 -35.0	0
 -34.0	0
 -33.0	7
 -32.0	2
 -31.0	2
 -30.0	1
 -29.0	1
 -28.0	3
 -27.0	0
 -26.0	3
 -25.0	2
 -24.0	0
 -23.0	3
 -22.0	3
 -21.0	2
 -20.0	1
 -19.0	1
 -18.0	5
 -17.0	2
 -16.0	4
 -15.0	2
 -14.0	1
 -13.0	3
 -12.0	2
 -11.0	2
 -10.0	6
  -9.0	3
  -8.0	3
  -7.0	3.5
  -6.0	2.5
  -5.0	5
  -4.0	1
  -3.0	6
  -2.0	5
  -1.0	2
   0.0	5
   1.0	5
   2.0	6
   3.0	2
   4.0	5
   5.0	2
   6.0	1
   7.0	6
   8.0	6
   9.0	0
  10.0	6
  11.0	2
  12.0	4
  13.0	3
  14.0	8
  15.0	3
  16.0	4
  17.0	2
  18.0	3
  19.0	3
  20.0	2
  21.0	1
  22.0	3
  23.0	5
  24.0	4
  25.0	1
  26.0	4
  27.0	6
  28.0	3
  29.0	1
  30.0	1
  31.0	2
  32.0	0
  33.0	0
  34.0	0
  35.0	0
  36.0	1
  37.0	1
  38.0	0
  39.0	0
  40.0	2
  41.0	0
  42.0	3
DB 2 MOTIF	UP00065_1	Zfp161_primary
 -42.5	0
 -41.5	0
 -40.5	1
 -39.5	0
 -38.5	1
 -37.5	1
 -36.5	2
 -35.5	2
 -34.5	3
 -33.5	0
 -32.5	0
 -31.5	1
 -30.5	4
 -29.5	4
 -28.5	2
 -27.5	2
 -26.5	3
 -25.5	2
 -24.5	0
 -23.5	1
 -22.5	2
 -21.5	1
 -20.5	0
 -19.5	0
 -18.5	2
 -17.5	2
 -16.5	2
 -15.5	1
 -14.5	2
 -13.5	1
 -12.5	4
 -11.5	1
 -10.5	0
  -9.5	3
  -8.5	2
  -7.5	2
  -6.5	4
  -5.5	1
  -4.5	3
  -3.5	4
  -2.5	3
  -1.5	5
  -0.5	1
   0.5	2
   1.5	1
   2.5	5
   3.5	4
   4.5	2
   5.5	2
   6.5	0
   7.5	2
   8.5	1
   9.5	2
  10.5	0
  11.5	1
  12.5	1
  13.5	2
  14.5	1
  15.5	1
  16.5	3
  17.5	0
  18.5	4
  19.5	2
  20.5	2
  21.5	1
  22.5	2
  23.5	1
  24.5	2
  25.5	2
  26.5	0
  27.5	2
  28.5	3
  29.5	3
  30.5	2
  31.5	1
  32.5	1
  33.5	1
  34.5	0
  35.5	0
  36.5	1
  37.5	0
  38.5	0
  39.5	0
  40.5	0
  41.5	2
  42.5	1
DB 2 MOTIF	UP00012_2	Bbx_secondary
 -42.0	1
 -41.0	2
 -40.0	3
 -39.0	4
 -38.0	4
 -37.0	2
 -36.0	1
 -35.0	3
 -34.0	2
 -33.0	6
 -32.0	6
 -31.0	2
 -30.0	3
 -29.0	3
 -28.0	1
 -27.0	1
 -26.0	2
 -25.0	1
 -24.0	2
 -23.0	1
 -22.0	6
 -21.0	3
 -20.0	3
 -19.0	1
 -18.0	1
 -17.0	3
 -16.0	5
 -15.0	5
 -14.0	7
 -13.0	4
 -12.0	5
 -11.0	4
 -10.0	4
  -9.0	4
  -8.0	7
  -7.0	5
  -6.0	5
  -5.0	2
  -4.0	5
  -3.0	4
  -2.0	4.5
  -1.0	6.5
   0.0	3
   1.0	7
   2.0	5
   3.0	3
   4.0	2
   5.0	1
   6.0	4
   7.0	7
   8.0	7
   9.0	2
  10.0	8
  11.0	4
  12.0	1
  13.0	8
  14.0	4
  15.0	2
  16.0	11
  17.0	5
  18.0	1
  19.0	8
  20.0	6
  21.0	4
  22.0	9
  23.0	4
  24.0	4
  25.0	3
  26.0	3
  27.0	6
  28.0	4
  29.0	4
  30.0	3
  31.0	4
  32.0	5
  33.0	3
  34.0	0
  35.0	1
  36.0	3
  37.0	4
  38.0	4
  39.0	3
  40.0	2
  41.0	0
  42.0	4
DB 2 MOTIF	UP00001_2	E2F2_secondary
 -42.0	0
 -41.0	1
 -40.0	1
 -39.0	0
 -38.0	0
 -37.0	3
 -36.0	0
 -35.0	3
 -34.0	0
 -33.0	0
 -32.0	3
 -31.0	2
 -30.0	0
 -29.0	0
 -28.0	2
 -27.0	1
 -26.0	1
 -25.0	2
 -24.0	1
 -23.0	2
 -22.0	1
 -21.0	1
 -20.0	4
 -19.0	2
 -18.0	2
 -17.0	0
 -16.0	6
 -15.0	1
 -14.0	1
 -13.0	1
 -12.0	4
 -11.0	4
 -10.0	0
  -9.0	4
  -8.0	4
  -7.0	9
  -6.0	0
  -5.0	2
  -4.0	4
  -3.0	4
  -2.0	1
  -1.0	1
   0.0	4
   1.0	2
   2.0	6
   3.0	1
   4.0	2
   5.0	1
   6.0	5
   7.0	1
   8.0	1
   9.0	4
  10.0	3
  11.0	3
  12.0	2
  13.0	3
  14.0	4
  15.0	3
  16.0	4
  17.0	1
  18.0	1
  19.0	2
  20.0	2
  21.0	1
  22.0	1
  23.0	0
  24.0	0
  25.0	1
  26.0	2
  27.0	3
  28.0	1
  29.0	1
  30.0	2
  31.0	2
  32.0	2
  33.0	2
  34.0	0
  35.0	1
  36.0	1
  37.0	1
  38.0	2
  39.0	1
  40.0	0
  41.0	0
  42.0	2
DB 2 MOTIF	UP00003_2	E2F3_secondary
 -42.0	0
 -41.0	1
 -40.0	0
 -39.0	0
 -38.0	0
 -37.0	2
 -36.0	0
 -35.0	2
 -34.0	0
 -33.0	0
 -32.0	2
 -31.0	3
 -30.0	0
 -29.0	0
 -28.0	1
 -27.0	2
 -26.0	1
 -25.0	2
 -24.0	0
 -23.0	1
 -22.0	1
 -21.0	0
 -20.0	3
 -19.0	2
 -18.0	1
 -17.0	0
 -16.0	5
 -15.0	2
 -14.0	0
 -13.0	0
 -12.0	3
 -11.0	3
 -10.0	1
  -9.0	4
  -8.0	3
  -7.0	8
  -6.0	0
  -5.0	2
  -4.0	3
  -3.0	6
  -2.0	2
  -1.0	1
   0.0	3
   1.0	2
   2.0	3
   3.0	1
   4.0	2
   5.0	2
   6.0	5
   7.0	2
   8.0	0
   9.0	4
  10.0	3
  11.0	3
  12.0	2
  13.0	2
  14.0	4
  15.0	2
  16.0	3
  17.0	2
  18.0	1
  19.0	3
  20.0	1
  21.0	1
  22.0	1
  23.0	0
  24.0	0
  25.0	1
  26.0	3
  27.0	3
  28.0	1
  29.0	1
  30.0	1
  31.0	2
  32.0	1
  33.0	2
  34.0	3
  35.0	0
  36.0	0
  37.0	1
  38.0	1
  39.0	0
  40.0	0
  41.0	0
  42.0	1
DB 2 MOTIF	UP00066_2	Hnf4a_secondary
 -42.5	2
 -41.5	1
 -40.5	2
 -39.5	0
 -38.5	0
 -37.5	0
 -36.5	2
 -35.5	3
 -34.5	1
 -33.5	1
 -32.5	0
 -31.5	0
 -30.5	0
 -29.5	0
 -28.5	1
 -27.5	1
 -26.5	0
 -25.5	3
 -24.5	0
 -23.5	1
 -22.5	0
 -21.5	2
 -20.5	3
 -19.5	3
 -18.5	2
 -17.5	2
 -16.5	2
 -15.5	1
 -14.5	3
 -13.5	1
 -12.5	0
 -11.5	2
 -10.5	1
  -9.5	2
  -8.5	2
  -7.5	1
  -6.5	2
  -5.5	1
  -4.5	5
  -3.5	3
  -2.5	2
  -1.5	5
  -0.5	2
   0.5	1
   1.5	2
   2.5	2
   3.5	3
   4.5	5
   5.5	0
   6.5	3
   7.5	2
   8.5	0
   9.5	3
  10.5	1
  11.5	1
  12.5	1
  13.5	1
  14.5	0
  15.5	0
  16.5	0
  17.5	2
  18.5	2
  19.5	2
  20.5	6
  21.5	1
  22.5	1
  23.5	2
  24.5	0
  25.5	0
  26.5	1
  27.5	4
  28.5	1
  29.5	0
  30.5	0
  31.5	2
  32.5	0
  33.5	0
  34.5	1
  35.5	1
  36.5	2
  37.5	1
  38.5	0
  39.5	3
  40.5	2
  41.5	2
  42.5	0
DB 2 MOTIF	UP00093_2	Klf7_secondary
 -42.0	1
 -41.0	4
 -40.0	0
 -39.0	1
 -38.0	2
 -37.0	0
 -36.0	2
 -35.0	1
 -34.0	0
 -33.0	1
 -32.0	4
 -31.0	1
 -30.0	2
 -29.0	1
 -28.0	0
 -27.0	2
 -26.0	1
 -25.0	3
 -24.0	2
 -23.0	2
 -22.0	1
 -21.0	0
 -20.0	2.5
 -19.0	1.5
 -18.0	6
 -17.0	3
 -16.0	3
 -15.0	2
 -14.0	2
 -13.0	3
 -12.0	2
 -11.0	2
 -10.0	2
  -9.0	2
  -8.0	4
  -7.0	1
  -6.0	0
  -5.0	4.5
  -4.0	1
  -3.0	3
  -2.0	6
  -1.0	4
   0.0	4
   1.0	4
   2.0	2
   3.0	4
   4.0	2
   5.0	3.5
   6.0	1
   7.0	4
   8.0	1
   9.0	5
  10.0	0
  11.0	0
  12.0	1
  13.0	1
  14.0	2
  15.0	3
  16.0	2
  17.0	4
  18.0	4
  19.0	2
  20.0	2
  21.0	2
  22.0	1
  23.0	2
  24.0	3
  25.0	1
  26.0	0
  27.0	1
  28.0	0
  29.0	0
  30.0	1
  31.0	1
  32.0	1
  33.0	4
  34.0	0
  35.0	1
  36.0	1
  37.0	0
  38.0	0
  39.0	2
  40.0	0
  41.0	1
  42.0	3
DB 2 MOTIF	UP00060_2	Max_secondary
 -43.5	3
 -42.5	0
 -41.5	0
 -40.5	1
 -39.5	3
 -38.5	3
 -37.5	0
 -36.5	0
 -35.5	1
 -34.5	2
 -33.5	1
 -32.5	1
 -31.5	2
 -30.5	2
 -29.5	3
 -28.5	0
 -27.5	2
 -26.5	4
 -25.5	4
 -24.5	1
 -23.5	2
 -22.5	5
 -21.5	2
 -20.5	1
 -19.5	1
 -18.5	1
 -17.5	1
 -16.5	1
 -15.5	2
 -14.5	4
 -13.5	5
 -12.5	5
 -11.5	4
 -10.5	2
  -9.5	4
  -8.5	2
  -7.5	3
  -6.5	1
  -5.5	3
  -4.5	5
  -3.5	6
  -2.5	4
  -1.5	1
  -0.5	4
   0.5	5
   1.5	3
   2.5	3
   3.5	1
   4.5	7
   5.5	0
   6.5	3
   7.5	3
   8.5	1
   9.5	4
  10.5	3
  11.5	0
  12.5	3
  13.5	2
  14.5	5
  15.5	3
  16.5	1
  17.5	2
  18.5	8
  19.5	0
  20.5	0
  21.5	1
  22.5	2
  23.5	1
  24.5	3
  25.5	1
  26.5	3
  27.5	2
  28.5	2
  29.5	1
  30.5	3
  31.5	3
  32.5	3
  33.5	0
  34.5	2
  35.5	3
  36.5	0
  37.5	1
  38.5	2
  39.5	0
  40.5	2
  41.5	2
  42.5	1
  43.5	0
DB 2 MOTIF	UP00049_2	Sp100_secondary
 -43.0	1
 -42.0	2
 -41.0	1
 -40.0	2
 -39.0	2
 -38.0	2
 -37.0	2
 -36.0	2
 -35.0	3
 -34.0	3
 -33.0	3
 -32.0	2
 -31.0	3
 -30.0	2
 -29.0	4
 -28.0	3
 -27.0	5
 -26.0	3
 -25.0	1
 -24.0	3
 -23.0	2
 -22.0	7
 -21.0	4
 -20.0	2
 -19.0	1
 -18.0	7
 -17.0	4
 -16.0	3
 -15.0	2
 -14.0	6
 -13.0	4
 -12.0	1
 -11.0	5
 -10.0	2
  -9.0	9
  -8.0	4
  -7.0	7
  -6.0	8
  -5.0	3
  -4.0	1
  -3.0	6
  -2.0	6
  -1.0	3
   0.0	3
   1.0	6
   2.0	6
   3.0	3
   4.0	7
   5.0	3
   6.0	4
   7.0	6
   8.0	7
   9.0	6
  10.0	4
  11.0	1
  12.0	3
  13.0	4
  14.0	4
  15.0	3
  16.0	3
  17.0	2
  18.0	2
  19.0	5
  20.0	1
  21.0	3
  22.0	3
  23.0	5
  24.0	5
  25.0	2
  26.0	5
  27.0	1
  28.0	1
  29.0	2
  30.0	3
  31.0	3
  32.0	2
  33.0	4
  34.0	2
  35.0	3
  36.0	5
  37.0	0
  38.0	3
  39.0	1
  40.0	2
  41.0	2
  42.0	3
  43.0	2
DB 2 MOTIF	UP00390_1	Tcf1_2666.2
 -42.0	3
 -41.0	4
 -40.0	0
 -39.0	3
 -38.0	1
 -37.0	1
 -36.0	0
 -35.0	2
 -34.0	0
 -33.0	4
 -32.0	1
 -31.0	0
 -30.0	1
 -29.0	2
 -28.0	1
 -27.0	2
 -26.0	2
 -25.0	1
 -24.0	0
 -23.0	3
 -22.0	4
 -21.0	1
 -20.0	2
 -19.0	1
 -18.0	5
 -17.0	5
 -16.0	1
 -15.0	1
 -14.0	1
 -13.0	3
 -12.0	5
 -11.0	1
 -10.0	3
  -9.0	3
  -8.0	2
  -7.0	4
  -6.0	1
  -5.0	3
  -4.0	1
  -3.0	6
  -2.0	3
  -1.0	5
   0.0	5
   1.0	3
   2.0	4
   3.0	1
   4.0	5
   5.0	2
   6.0	1
   7.0	5
   8.0	5
   9.0	1
  10.0	3
  11.0	1
  12.0	3
  13.0	2
  14.0	6
  15.0	1
  16.0	2
  17.0	2
  18.0	3
  19.0	2
  20.0	2
  21.0	1
  22.0	2
  23.0	5
  24.0	4
  25.0	0
  26.0	4
  27.0	6
  28.0	4
  29.0	2
  30.0	1
  31.0	2
  32.0	0
  33.0	0
  34.0	0
  35.0	0
  36.0	1
  37.0	1
  38.0	0
  39.0	1
  40.0	2
  41.0	0
  42.0	3
DB 2 MOTIF	UP00222_1	Tcf2_0913.2
 -42.0	0
 -41.0	1
 -40.0	2
 -39.0	2
 -38.0	1
 -37.0	1
 -36.0	2
 -35.0	0
 -34.0	0
 -33.0	2
 -32.0	3
 -31.0	1
 -30.0	2
 -29.0	1
 -28.0	0
 -27.0	1
 -26.0	0
 -25.0	1
 -24.0	1
 -23.0	0
 -22.0	3
 -21.0	2
 -20.0	2
 -19.0	3
 -18.0	3
 -17.0	2
 -16.0	2
 -15.0	1
 -14.0	3
 -13.0	1
 -12.0	2
 -11.0	4
 -10.0	5
  -9.0	2
  -8.0	4
  -7.0	1
  -6.0	3
  -5.0	0
  -4.0	2
  -3.0	1
  -2.0	5
  -1.0	1
   0.0	2
   1.0	3
   2.0	1
   3.0	4
   4.0	3
   5.0	2
   6.0	5
   7.0	2
   8.0	0
   9.0	5
  10.0	0
  11.0	5
  12.0	2
  13.0	3
  14.0	3
  15.0	2
  16.0	2
  17.0	0
  18.0	2
  19.0	0
  20.0	0
  21.0	2
  22.0	1
  23.0	2
  24.0	2
  25.0	4
  26.0	2
  27.0	2
  28.0	0
  29.0	2
  30.0	1
  31.0	2
  32.0	0
  33.0	1
  34.0	1
  35.0	1
  36.0	0
  37.0	0
  38.0	0
  39.0	1
  40.0	2
  41.0	0
  42.0	1
DB 3 MOTIF	MA0092.1	Hand1::Tcf3
 -45.5	2
 -44.5	0
 -43.5	2
 -42.5	2
 -41.5	1
 -40.5	0
 -39.5	1
 -38.5	0
 -37.5	0
 -36.5	3
 -35.5	0
 -34.5	4
 -33.5	1
 -32.5	1
 -31.5	1
 -30.5	2
 -29.5	5
 -28.5	6
 -27.5	3
 -26.5	3
 -25.5	1
 -24.5	1
 -23.5	3
 -22.5	1
 -21.5	0
 -20.5	3
 -19.5	2
 -18.5	0
 -17.5	2
 -16.5	2
 -15.5	1
 -14.5	0
 -13.5	4
 -12.5	1
 -11.5	3
 -10.5	2
  -9.5	3
  -8.5	3
  -7.5	3
  -6.5	3
  -5.5	6
  -4.5	5
  -3.5	2
  -2.5	5
  -1.5	0
  -0.5	1
   0.5	2
   1.5	6
   2.5	2
   3.5	6
   4.5	1
   5.5	1
   6.5	3
   7.5	3
   8.5	2
   9.5	2
  10.5	5
  11.5	6
  12.5	3
  13.5	1
  14.5	2
  15.5	4
  16.5	2
  17.5	4
  18.5	2
  19.5	3
  20.5	4
  21.5	2
  22.5	3
  23.5	4
  24.5	2
  25.5	1
  26.5	1
  27.5	0
  28.5	2
  29.5	3
  30.5	3
  31.5	2
  32.5	1
  33.5	0
  34.5	2
  35.5	1
  36.5	3
  37.5	3
  38.5	0
  39.5	1
  40.5	1
  41.5	0
  42.5	2
  43.5	2
  44.5	0
  45.5	3
DB 3 MOTIF	MA0111.1	Spz1
 -45.0	2
 -44.0	3
 -43.0	1
 -42.0	1
 -41.0	4
 -40.0	0
 -39.0	2
 -38.0	0
 -37.0	2
 -36.0	3
 -35.0	1
 -34.0	0
 -33.0	1
 -32.0	1
 -31.0	5
 -30.0	2
 -29.0	3
 -28.0	1
 -27.0	1
 -26.0	0
 -25.0	2
 -24.0	2
 -23.0	4
 -22.0	5
 -21.0	2
 -20.0	1
 -19.0	1
 -18.0	7
 -17.0	2
 -16.0	0
 -15.0	3
 -14.0	3
 -13.0	3
 -12.0	4
 -11.0	4
 -10.0	3
  -9.0	3
  -8.0	1
  -7.0	3
  -6.0	5
  -5.0	2
  -4.0	2
  -3.0	6
  -2.0	3
  -1.0	4
   0.0	3
   1.0	6
   2.0	3
   3.0	8
   4.0	2
   5.0	3
   6.0	4
   7.0	0
   8.0	5
   9.0	3
  10.0	3
  11.0	1
  12.0	1
  13.0	3
  14.0	2
  15.0	2
  16.0	1
  17.0	3
  18.0	4
  19.0	4
  20.0	1
  21.0	2
  22.0	1
  23.0	2
  24.0	4
  25.0	1
  26.0	3
  27.0	3
  28.0	5
  29.0	1
  30.0	1
  31.0	0
  32.0	0
  33.0	2
  34.0	2
  35.0	7
  36.0	0
  37.0	0
  38.0	2
  39.0	1
  40.0	3
  41.0	2
  42.0	1
  43.0	1
  44.0	1
  45.0	0
DB 3 MOTIF	MA0192.1	Hmx
 -47.0	2
 -46.0	0
 -45.0	3
 -44.0	1
 -43.0	1
 -42.0	0
 -41.0	3
 -40.0	1
 -39.0	2.5
 -38.0	2.5
 -37.0	1
 -36.0	0
 -35.0	3
 -34.0	0
 -33.0	1
 -32.0	1
 -31.0	3
 -30.0	2
 -29.0	1
 -28.0	1
 -27.0	1
 -26.0	2
 -25.0	3
 -24.0	3
 -23.0	3.5
 -22.0	2
 -21.0	1
 -20.0	5
 -19.0	1.5
 -18.0	2
 -17.0	2
 -16.0	2
 -15.0	0
 -14.0	3
 -13.0	1
 -12.0	2
 -11.0	1
 -10.0	3
  -9.0	2
  -8.0	3
  -7.0	2
  -6.0	5
  -5.0	2
  -4.0	1
  -3.0	2
  -2.0	6
  -1.0	2
   0.0	2
   1.0	3
   2.0	4.5
   3.0	2.5
   4.0	4
   5.0	5
   6.0	0
   7.0	1
   8.0	5
   9.0	0
  10.0	1
  11.0	5
  12.0	1
  13.0	3
  14.0	4
  15.0	3
  16.0	2
  17.0	4
  18.0	3
  19.0	1.5
  20.0	3.5
  21.0	1
  22.0	0
  23.0	1
  24.0	0
  25.0	2
  26.0	1
  27.0	1
  28.0	1
  29.0	3
  30.0	2
  31.0	0
  32.0	1
  33.0	3
  34.0	1
  35.0	2
  36.0	3
  37.0	2
  38.0	2
  39.0	1
  40.0	0
  41.0	0
  42.0	1
  43.0	2
  44.0	1
  45.0	1
  46.0	0
  47.0	1
DB 3 MOTIF	MA0193.1	schlank
 -47.0	2
 -46.0	4
 -45.0	3
 -44.0	0
 -43.0	6
 -42.0	1
 -41.0	2
 -40.0	2.5
 -39.0	4
 -38.0	2
 -37.0	3
 -36.0	1
 -35.0	1
 -34.0	2.33333
 -33.0	4
 -32.0	3
 -31.0	4
 -30.0	6
 -29.0	5
 -28.0	4
 -27.0	5
 -26.0	4
 -25.0	2
 -24.0	4
 -23.0	1
 -22.0	3
 -21.0	1
 -20.0	3
 -19.0	8.5
 -18.0	2
 -17.0	4
 -16.0	0
 -15.0	2
 -14.0	3
 -13.0	3
 -12.0	5
 -11.0	6.5
 -10.0	5
  -9.0	5
  -8.0	5
  -7.0	5
  -6.0	1
  -5.0	5
  -4.0	10
  -3.0	3
  -2.0	6
  -1.0	4
   0.0	6
   1.0	1
   2.0	4.33333
   3.0	5
   4.0	8
   5.0	5
   6.0	4
   7.0	5
   8.0	3
   9.0	3
  10.0	2
  11.0	4
  12.0	2
  13.0	4
  14.0	6
  15.0	4
  16.0	5
  17.0	5
  18.0	4.5
  19.0	4
  20.0	2
  21.0	2
  22.0	1.5
  23.0	6
  24.0	2
  25.0	2
  26.0	1.5
  27.0	2
  28.0	5
  29.0	5
  30.0	3
  31.0	2
  32.0	2
  33.0	1
  34.0	1
  35.0	2
  36.0	1
  37.0	2
  38.0	3.33333
  39.0	2
  40.0	0
  41.0	1
  42.0	4
  43.0	3
  44.0	7
  45.0	3
  46.0	1
  47.0	1
DB 3 MOTIF	MA0213.1	brk
 -46.5	0
 -45.5	2
 -44.5	0
 -43.5	0
 -42.5	0
 -41.5	0
 -40.5	1
 -39.5	1
 -38.5	0
 -37.5	1
 -36.5	0
 -35.5	4
 -34.5	0
 -33.5	0
 -32.5	1
 -31.5	4
 -30.5	1
 -29.5	0
 -28.5	1
 -27.5	1
 -26.5	2
 -25.5	1
 -24.5	1
 -23.5	1
 -22.5	1
 -21.5	0
 -20.5	0
 -19.5	1
 -18.5	3
 -17.5	1
 -16.5	1
 -15.5	5
 -14.5	3
 -13.5	1
 -12.5	0
 -11.5	6
 -10.5	3
  -9.5	5
  -8.5	2
  -7.5	4
  -6.5	6
  -5.5	2
  -4.5	1
  -3.5	4
  -2.5	1
  -1.5	1
  -0.5	2
   0.5	5
   1.5	0.5
   2.5	2
   3.5	1
   4.5	1
   5.5	2
   6.5	4
   7.5	0
   8.5	0
   9.5	1
  10.5	2
  11.5	0
  12.5	2
  13.5	3
  14.5	2
  15.5	2
  16.5	1
  17.5	3
  18.5	1
  19.5	3
  20.5	0
  21.5	3
  22.5	0
  23.5	0
  24.5	3
  25.5	1
  26.5	2
  27.5	1
  28.5	1
  29.5	0.5
  30.5	0
  31.5	4
  32.5	1
  33.5	2
  34.5	0
  35.5	1.5
  36.5	1
  37.5	2
  38.5	0
  39.5	1
  40.5	0
  41.5	0
  42.5	0
  43.5	0
  44.5	0
  45.5	2.5
  46.5	0
DB 3 MOTIF	MA0214.1	bsh
 -47.0	2
 -46.0	1
 -45.0	3
 -44.0	1
 -43.0	2
 -42.0	1
 -41.0	3
 -40.0	2
 -39.0	3.5
 -38.0	2.5
 -37.0	4
 -36.0	1
 -35.0	3
 -34.0	0
 -33.0	1.33333
 -32.0	1
 -31.0	2
 -30.0	2
 -29.0	1
 -28.0	3
 -27.0	3
 -26.0	3
 -25.0	4
 -24.0	1
 -23.0	2.5
 -22.0	2
 -21.0	0
 -20.0	6
 -19.0	2.5
 -18.0	3
 -17.0	3
 -16.0	1
 -15.0	1
 -14.0	3
 -13.0	2
 -12.0	2
 -11.0	5
 -10.0	6
  -9.0	2
  -8.0	1
  -7.0	5
  -6.0	7.33333
  -5.0	4.33333
  -4.0	2
  -3.0	1
  -2.0	7
  -1.0	2
   0.0	0.5
   1.0	6
   2.0	4.5
   3.0	5
   4.0	5
   5.0	5
   6.0	3
   7.0	2
   8.0	6
   9.0	4
  10.0	3
  11.0	5
  12.0	1
  13.0	9
  14.0	4
  15.0	5
  16.0	4
  17.0	2
  18.0	2.5
  19.0	5.5
  20.0	3.5
  21.0	2
  22.0	0.5
  23.0	1.5
  24.0	2
  25.0	3
  26.0	1
  27.0	2.5
  28.0	3.5
  29.0	2.5
  30.0	4
  31.0	1
  32.0	2
  33.0	2
  34.0	1
  35.0	1
  36.0	5
  37.0	3
  38.0	5
  39.0	3
  40.0	3
  41.0	3
  42.0	3
  43.0	4
  44.0	2
  45.0	3
  46.0	0
  47.0	0
DB 3 MOTIF	MA0231.1	lbe
 -47.5	6
 -46.5	5
 -45.5	5
 -44.5	0
 -43.5	7.5
 -42.5	5
 -41.5	9
 -40.5	5.5
 -39.5	5
 -38.5	2
 -37.5	4
 -36.5	5.5
 -35.5	5.5
 -34.5	4
 -33.5	3.5
 -32.5	2
 -31.5	10
 -30.5	4
 -29.5	4
 -28.5	4
 -27.5	3
 -26.5	4
 -25.5	6
 -24.5	2
 -23.5	4.5
 -22.5	6
 -21.5	5.5
 -20.5	5.5
 -19.5	11.5
 -18.5	8.5
 -17.5	4.5
 -16.5	8
 -15.5	0
 -14.5	8.5
 -13.5	7.5
 -12.5	7
 -11.5	8
 -10.5	4.5
  -9.5	5
  -8.5	6.5
  -7.5	11
  -6.5	7
  -5.5	5.5
  -4.5	3.5
  -3.5	8
  -2.5	8
  -1.5	6.5
  -0.5	6.5
   0.5	5
   1.5	7
   2.5	7
   3.5	10.5
   4.5	6
   5.5	9
   6.5	6.5
   7.5	8.5
   8.5	7
   9.5	6.5
  10.5	4
  11.5	8.5
  12.5	6
  13.5	9
  14.5	6
  15.5	5.5
  16.5	3.5
  17.5	5.5
  18.5	7
  19.5	9
  20.5	2.5
  21.5	4
  22.5	6.5
  23.5	0.5
  24.5	8
  25.5	5
  26.5	5.5
  27.5	5.5
  28.5	4.5
  29.5	6.5
  30.5	3
  31.5	4
  32.5	2
  33.5	6
  34.5	6
  35.5	7
  36.5	4
  37.5	3
  38.5	5
  39.5	5
  40.5	3.5
  41.5	3
  42.5	2
  43.5	12.5
  44.5	3.5
  45.5	4
  46.5	3
  47.5	4.5
DB 3 MOTIF	MA0232.1	lbl
 -47.5	1
 -46.5	0.5
 -45.5	2
 -44.5	2
 -43.5	1.5
 -42.5	3
 -41.5	5
 -40.5	5.5
 -39.5	3
 -38.5	4
 -37.5	3
 -36.5	7
 -35.5	3.5
 -34.5	1
 -33.5	1.5
 -32.5	3
 -31.5	4.5
 -30.5	2
 -29.5	3
 -28.5	0
 -27.5	6
 -26.5	2
 -25.5	5.5
 -24.5	3
 -23.5	5
 -22.5	3
 -21.5	0
 -20.5	3
 -19.5	8.5
 -18.5	6
 -17.5	5
 -16.5	5
 -15.5	0
 -14.5	6
 -13.5	5
 -12.5	4
 -11.5	4
 -10.5	7
  -9.5	7
  -8.5	4
  -7.5	7
  -6.5	7
  -5.5	4.5
  -4.5	5
  -3.5	7
  -2.5	4.5
  -1.5	4.5
  -0.5	3.5
   0.5	3
   1.5	6
   2.5	4
   3.5	9.5
   4.5	3
   5.5	6
   6.5	4
   7.5	7
   8.5	7
   9.5	5
  10.5	4
  11.5	6.5
  12.5	7
  13.5	11
  14.5	8
  15.5	4
  16.5	4
  17.5	1.5
  18.5	9
  19.5	4
  20.5	3.5
  21.5	2
  22.5	2.5
  23.5	2.5
  24.5	5
  25.5	5
  26.5	3.5
  27.5	1.5
  28.5	5
  29.5	6.5
  30.5	3
  31.5	3
  32.5	1
  33.5	4
  34.5	3
  35.5	3
  36.5	5
  37.5	4
  38.5	4
  39.5	5.5
  40.5	5.5
  41.5	3.5
  42.5	4
  43.5	4
  44.5	1.5
  45.5	2
  46.5	2
  47.5	1.5
DB 3 MOTIF	MA0259.1	ARNT::HIF1A
 -46.5	0
 -45.5	0
 -44.5	1
 -43.5	2
 -42.5	2
 -41.5	1
 -40.5	2
 -39.5	1
 -38.5	2
 -37.5	1
 -36.5	1
 -35.5	1
 -34.5	3
 -33.5	0
 -32.5	1
 -31.5	1
 -30.5	1
 -29.5	3
 -28.5	2
 -27.5	3
 -26.5	1
 -25.5	0
 -24.5	1
 -23.5	0
 -22.5	1
 -21.5	1
 -20.5	0
 -19.5	1
 -18.5	1
 -17.5	1
 -16.5	0
 -15.5	3
 -14.5	0
 -13.5	5
 -12.5	1
 -11.5	2
 -10.5	2
  -9.5	4
  -8.5	1
  -7.5	1
  -6.5	1
  -5.5	2
  -4.5	2
  -3.5	2
  -2.5	1
  -1.5	4
  -0.5	2
   0.5	4
   1.5	0
   2.5	5
   3.5	3
   4.5	3
   5.5	1
   6.5	2
   7.5	2
   8.5	3
   9.5	2
  10.5	3
  11.5	1
  12.5	3
  13.5	1
  14.5	1
  15.5	4
  16.5	2
  17.5	4
  18.5	2
  19.5	0
  20.5	1
  21.5	1
  22.5	1
  23.5	2
  24.5	4
  25.5	1
  26.5	2
  27.5	2
  28.5	0
  29.5	0
  30.5	1
  31.5	0
  32.5	2
  33.5	0
  34.5	0
  35.5	2
  36.5	0
  37.5	0
  38.5	1
  39.5	1
  40.5	1
  41.5	2
  42.5	1
  43.5	0
  44.5	0
  45.5	0
  46.5	2
DB 3 MOTIF	MA0330.1	MBP1::SWI6
 -47.0	0
 -46.0	1
 -45.0	1
 -44.0	0
 -43.0	3.5
 -42.0	0.5
 -41.0	0
 -40.0	0
 -39.0	1
 -38.0	0
 -37.0	1
 -36.0	2
 -35.0	1
 -34.0	1
 -33.0	2
 -32.0	2
 -31.0	2
 -30.0	2.5
 -29.0	2.5
 -28.0	4
 -27.0	1
 -26.0	2
 -25.0	1.5
 -24.0	1.5
 -23.0	3
 -22.0	3
 -21.0	0
 -20.0	1
 -19.0	2
 -18.0	1
 -17.0	3.5
 -16.0	1.5
 -15.0	1
 -14.0	4
 -13.0	6
 -12.0	3
 -11.0	1
 -10.0	2
  -9.0	2.5
  -8.0	4
  -7.0	2.5
  -6.0	4
  -5.0	2
  -4.0	5
  -3.0	5.5
  -2.0	3.5
  -1.0	1
   0.0	1
   1.0	1
   2.0	1.5
   3.0	4.5
   4.0	4.5
   5.0	1.5
   6.0	3.5
   7.0	0.5
   8.0	0
   9.0	2
  10.0	0.5
  11.0	1.5
  12.0	2.5
  13.0	2.5
  14.0	1
  15.0	1
  16.0	3
  17.0	3.5
  18.0	6.5
  19.0	1
  20.0	0
  21.0	5.5
  22.0	4.5
  23.0	2
  24.0	1
  25.0	0
  26.0	4
  27.0	0
  28.0	2
  29.0	2
  30.0	4
  31.0	1
  32.0	1
  33.0	2
  34.0	3
  35.0	1
  36.0	0
  37.0	0
  38.0	1
  39.0	2
  40.0	0
  41.0	0
  42.0	2
  43.0	0
  44.0	1
  45.0	0
  46.0	1
  47.0	3
DB 3 MOTIF	MA0357.1	PHO4
 -46.5	0
 -45.5	0
 -44.5	0
 -43.5	1
 -42.5	0
 -41.5	0
 -40.5	1
 -39.5	1
 -38.5	0
 -37.5	0
 -36.5	0
 -35.5	2
 -34.5	0
 -33.5	0
 -32.5	1
 -31.5	0
 -30.5	2
 -29.5	1
 -28.5	1
 -27.5	2
 -26.5	2
 -25.5	1
 -24.5	0
 -23.5	1
 -22.5	1
 -21.5	0
 -20.5	0
 -19.5	0
 -18.5	1
 -17.5	0
 -16.5	0
 -15.5	1
 -14.5	0
 -13.5	2
 -12.5	2
 -11.5	3
 -10.5	2
  -9.5	1
  -8.5	1
  -7.5	2
  -6.5	1
  -5.5	1
  -4.5	0
  -3.5	2
  -2.5	1
  -1.5	1
  -0.5	1
   0.5	1
   1.5	2
   2.5	1
   3.5	1
   4.5	1
   5.5	0
   6.5	1
   7.5	0
   8.5	0
   9.5	1
  10.5	5
  11.5	0
  12.5	2
  13.5	1
  14.5	2
  15.5	4
  16.5	0
  17.5	1
  18.5	1
  19.5	0
  20.5	1
  21.5	1
  22.5	0
  23.5	3
  24.5	1
  25.5	1
  26.5	1
  27.5	0
  28.5	1
  29.5	0
  30.5	1
  31.5	1
  32.5	0
  33.5	0
  34.5	1
  35.5	1
  36.5	0
  37.5	0
  38.5	0
  39.5	1
  40.5	0
  41.5	1
  42.5	0
  43.5	0
  44.5	0
  45.5	0
  46.5	0
DB 3 MOTIF	MA0361.1	RDS1
 -47.0	0
 -46.0	1
 -45.0	0
 -44.0	0
 -43.0	1
 -42.0	2
 -41.0	2
 -40.0	1.33333
 -39.0	2
 -38.0	0
 -37.0	1
 -36.0	3
 -35.0	1
 -34.0	2
 -33.0	1
 -32.0	1
 -31.0	2
 -30.0	1
 -29.0	2
 -28.0	5
 -27.0	6
 -26.0	1
 -25.0	2
 -24.0	4
 -23.0	3
 -22.0	2.33333
 -21.0	2
 -20.0	2.25
 -19.0	6.25
 -18.0	2
 -17.0	0
 -16.0	3
 -15.0	1
 -14.0	1
 -13.0	1
 -12.0	1.33333
 -11.0	2
 -10.0	3
  -9.0	2
  -8.0	2
  -7.0	2
  -6.0	1
  -5.0	0
  -4.0	1
  -3.0	1
  -2.0	1
  -1.0	2
   0.0	2
   1.0	2
   2.0	5
   3.0	2
   4.0	4
   5.0	3
   6.0	2
   7.0	3
   8.0	3
   9.0	1
  10.0	2
  11.0	3
  12.0	1
  13.0	1
  14.0	3
  15.0	4
  16.0	1
  17.0	2
  18.0	2
  19.0	1
  20.0	3
  21.0	1
  22.0	1
  23.0	3
  24.0	0
  25.0	0
  26.0	1
  27.0	3
  28.0	3
  29.0	0
  30.0	1
  31.0	0
  32.0	3.25
  33.0	0.25
  34.0	2
  35.0	2
  36.0	1
  37.0	0
  38.0	1
  39.0	1
  40.0	0
  41.0	0
  42.0	2
  43.0	0
  44.0	0
  45.0	2
  46.0	1
  47.0	0
DB 3 MOTIF	MA0374.1	RSC3
 -47.0	3
 -46.0	1
 -45.0	0
 -44.0	0.5
 -43.0	0
 -42.0	2
 -41.0	1.5
 -40.0	2.5
 -39.0	2.5
 -38.0	0
 -37.0	2
 -36.0	3
 -35.0	1
 -34.0	1
 -33.0	1
 -32.0	4
 -31.0	3
 -30.0	3
 -29.0	0
 -28.0	4
 -27.0	1
 -26.0	4
 -25.0	1
 -24.0	1
 -23.0	2
 -22.0	1
 -21.0	0.25
 -20.0	2
 -19.0	3
 -18.0	1.25
 -17.0	2
 -16.0	6
 -15.0	3
 -14.0	1
 -13.0	4.5
 -12.0	4
 -11.0	3.5
 -10.0	1
  -9.0	4
  -8.0	4.5
  -7.0	3.5
  -6.0	4
  -5.0	9
  -4.0	3
  -3.0	5.5
  -2.0	1
  -1.0	4
   0.0	2
   1.0	5
   2.0	5
   3.0	3
   4.0	1
   5.0	4
   6.0	2
   7.0	0
   8.0	2
   9.0	1
  10.0	2
  11.0	2
  12.0	4
  13.0	3
  14.0	3.5
  15.0	2
  16.0	1.5
  17.0	5.5
  18.0	0
  19.0	5
  20.0	3
  21.0	1
  22.0	1
  23.0	3
  24.0	2
  25.0	4
  26.0	2
  27.0	1
  28.0	4
  29.0	3
  30.0	2
  31.0	1.75
  32.0	4
  33.0	0.5
  34.0	2.25
  35.0	1
  36.0	2
  37.0	1
  38.0	0
  39.0	1
  40.0	0
  41.0	1
  42.0	1
  43.0	2
  44.0	0.5
  45.0	1.5
  46.0	0
  47.0	1
DB 3 MOTIF	MA0394.1	STP1
 -46.5	1
 -45.5	1
 -44.5	0
 -43.5	1
 -42.5	0
 -41.5	0
 -40.5	0
 -39.5	1
 -38.5	1
 -37.5	0
 -36.5	1
 -35.5	2
 -34.5	0
 -33.5	1
 -32.5	1
 -31.5	1
 -30.5	2
 -29.5	1
 -28.5	2
 -27.5	0
 -26.5	1
 -25.5	0
 -24.5	1
 -23.5	0
 -22.5	0
 -21.5	4
 -20.5	0
 -19.5	1
 -18.5	2
 -17.5	0
 -16.5	0
 -15.5	0
 -14.5	1
 -13.5	1
 -12.5	1
 -11.5	1
 -10.5	2
  -9.5	1
  -8.5	4
  -7.5	0
  -6.5	3
  -5.5	0
  -4.5	0
  -3.5	1
  -2.5	1
  -1.5	1
  -0.5	1
   0.5	1
   1.5	4
   2.5	1
   3.5	5
   4.5	3
   5.5	4
   6.5	0
   7.5	1
   8.5	1
   9.5	2
  10.5	1
  11.5	2
  12.5	1
  13.5	2
  14.5	2
  15.5	0.5
  16.5	2
  17.5	0
  18.5	2
  19.5	0
  20.5	1
  21.5	0
  22.5	0
  23.5	3
  24.5	0
  25.5	0
  26.5	2
  27.5	0
  28.5	0
  29.5	0
  30.5	0
  31.5	0
  32.5	0
  33.5	0
  34.5	1
  35.5	0
  36.5	0
  37.5	0
  38.5	0
  39.5	1
  40.5	0
  41.5	0
  42.5	1
  43.5	1
  44.5	0
  45.5	2
  46.5	1.5
DB 3 MOTIF	MA0395.1	STP2
 -40.5	0
 -39.5	1
 -38.5	0
 -37.5	0
 -36.5	1
 -35.5	0
 -34.5	1
 -33.5	1
 -32.5	1
 -31.5	1
 -30.5	2
 -29.5	1
 -28.5	2
 -27.5	0
 -26.5	0
 -25.5	2
 -24.5	0
 -23.5	1
 -22.5	2
 -21.5	4
 -20.5	0
 -19.5	0
 -18.5	1
 -17.5	1
 -16.5	2
 -15.5	2
 -14.5	3
 -13.5	3
 -12.5	2
 -11.5	2
 -10.5	4
  -9.5	3
  -8.5	4
  -7.5	1
  -6.5	3
  -5.5	2
  -4.5	1
  -3.5	3
  -2.5	2
  -1.5	3
  -0.5	1
   0.5	1
   1.5	1
   2.5	1
   3.5	4
   4.5	2
   5.5	6
   6.5	0
   7.5	2
   8.5	2
   9.5	1
  10.5	2
  11.5	4
  12.5	3
  13.5	1
  14.5	2
  15.5	2
  16.5	0
  17.5	1
  18.5	2
  19.5	0
  20.5	1
  21.5	0
  22.5	1
  23.5	1
  24.5	1
  25.5	0
  26.5	1
  27.5	2
  28.5	1
  29.5	1
  30.5	4
  31.5	3
  32.5	0
  33.5	0
  34.5	1
  35.5	0
  36.5	0
  37.5	1
  38.5	2
  39.5	0
  40.5	1
DB 3 MOTIF	MA0449.1	h
 -45.5	1
 -44.5	0
 -43.5	3
 -42.5	2
 -41.5	0
 -40.5	2
 -39.5	0
 -38.5	1
 -37.5	0
 -36.5	0
 -35.5	1
 -34.5	2
 -33.5	0
 -32.5	2
 -31.5	1
 -30.5	2
 -29.5	2
 -28.5	1
 -27.5	3
 -26.5	3
 -25.5	1
 -24.5	0
 -23.5	1
 -22.5	2
 -21.5	1
 -20.5	2
 -19.5	2
 -18.5	1
 -17.5	1
 -16.5	0
 -15.5	2
 -14.5	3
 -13.5	2
 -12.5	1
 -11.5	2
 -10.5	3
  -9.5	3
  -8.5	2
  -7.5	2
  -6.5	3
  -5.5	5
  -4.5	4
  -3.5	4
  -2.5	6
  -1.5	1
  -0.5	2
   0.5	4
   1.5	1
   2.5	4
   3.5	1
   4.5	3
   5.5	0
   6.5	1
   7.5	1
   8.5	0
   9.5	3
  10.5	3
  11.5	2
  12.5	1
  13.5	2
  14.5	4
  15.5	3
  16.5	0
  17.5	1
  18.5	3
  19.5	0
  20.5	1
  21.5	0
  22.5	3
  23.5	1
  24.5	1
  25.5	0
  26.5	1
  27.5	1
  28.5	1
  29.5	1
  30.5	4
  31.5	1
  32.5	1
  33.5	0
  34.5	1
  35.5	2
  36.5	0
  37.5	0
  38.5	0
  39.5	1
  40.5	0
  41.5	2
  42.5	1
  43.5	0
  44.5	1
  45.5	2
DB 3 MOTIF	MA0492.1	JUND
 -43.0	1
 -42.0	0
 -41.0	1
 -40.0	0
 -39.0	1
 -38.0	0
 -37.0	0
 -36.0	0
 -35.0	0
 -34.0	0
 -33.0	0
 -32.0	0
 -31.0	0
 -30.0	0
 -29.0	0
 -28.0	0
 -27.0	0
 -26.0	0
 -25.0	0
 -24.0	0
 -23.0	1
 -22.0	0
 -21.0	0
 -20.0	0
 -19.0	0
 -18.0	0
 -17.0	0
 -16.0	0
 -15.0	0
 -14.0	0
 -13.0	0
 -12.0	1
 -11.0	0
 -10.0	1
  -9.0	1
  -8.0	0
  -7.0	0
  -6.0	1
  -5.0	0
  -4.0	1
  -3.0	0
  -2.0	1
  -1.0	0
   0.0	0
   1.0	2
   2.0	1
   3.0	0
   4.0	1
   5.0	1
   6.0	0
   7.0	3
   8.0	1
   9.0	1
  10.0	2
  11.0	0
  12.0	0
  13.0	1
  14.0	0
  15.0	0
  16.0	0
  17.0	0
  18.0	2
  19.0	0
  20.0	0
  21.0	0
  22.0	1
  23.0	0
  24.0	0
  25.0	0
  26.0	2
  27.0	0
  28.0	0
  29.0	0
  30.0	0
  31.0	0
  32.0	0
  33.0	0
  34.0	0
  35.0	0
  36.0	0
  37.0	0
  38.0	1
  39.0	0
  40.0	0
  41.0	0
  42.0	0
  43.0	0
DB 3 MOTIF	MA0545.1	hlh-1
 -45.0	2
 -44.0	0
 -43.0	1
 -42.0	1
 -41.0	0
 -40.0	0
 -39.0	0
 -38.0	1
 -37.0	1
 -36.0	0
 -35.0	0
 -34.0	0
 -33.0	1
 -32.0	0
 -31.0	0
 -30.0	0
 -29.0	0
 -28.0	0
 -27.0	1
 -26.0	0
 -25.0	0
 -24.0	1
 -23.0	1
 -22.0	0
 -21.0	3
 -20.0	0
 -19.0	1
 -18.0	1
 -17.0	1
 -16.0	0
 -15.0	0
 -14.0	1
 -13.0	0
 -12.0	2
 -11.0	1
 -10.0	2
  -9.0	1
  -8.0	0
  -7.0	3
  -6.0	1
  -5.0	3
  -4.0	2
  -3.0	2
  -2.0	0
  -1.0	0
   0.0	1
   1.0	1
   2.0	3
   3.0	1
   4.0	0
   5.0	2
   6.0	2
   7.0	2
   8.0	3
   9.0	1
  10.0	3
  11.0	1
  12.0	1
  13.0	2
  14.0	0
  15.0	1
  16.0	0
  17.0	1
  18.0	1
  19.0	1
  20.0	1
  21.0	1
  22.0	0
  23.0	1
  24.0	0
  25.0	2
  26.0	0
  27.0	0
  28.0	0
  29.0	1
  30.0	1
  31.0	1
  32.0	1
  33.0	0
  34.0	1
  35.0	0
  36.0	0
  37.0	0
  38.0	0.5
  39.0	0.5
  40.0	0
  41.0	2
  42.0	0
  43.0	2
  44.0	0
  45.0	1
DB 3 MOTIF	MA0567.1	ERF1B
 -46.5	1
 -45.5	0
 -44.5	1
 -43.5	0
 -42.5	0
 -41.5	2
 -40.5	0
 -39.5	1
 -38.5	0
 -37.5	0
 -36.5	0
 -35.5	1
 -34.5	2
 -33.5	0
 -32.5	0
 -31.5	0
 -30.5	2
 -29.5	0
 -28.5	0
 -27.5	1
 -26.5	1
 -25.5	0
 -24.5	1
 -23.5	1
 -22.5	2
 -21.5	2
 -20.5	1
 -19.5	3
 -18.5	0
 -17.5	2
 -16.5	2
 -15.5	1
 -14.5	0
 -13.5	1
 -12.5	2
 -11.5	3
 -10.5	1
  -9.5	2
  -8.5	2
  -7.5	5
  -6.5	0
  -5.5	1
  -4.5	4
  -3.5	0
  -2.5	0
  -1.5	4
  -0.5	1
   0.5	2
   1.5	1
   2.5	5
   3.5	2
   4.5	1
   5.5	1
   6.5	3
   7.5	0
   8.5	2
   9.5	1
  10.5	0
  11.5	0
  12.5	2
  13.5	1
  14.5	1
  15.5	0
  16.5	1
  17.5	0
  18.5	3
  19.5	0
  20.5	0
  21.5	1
  22.5	1
  23.5	0
  24.5	1
  25.5	1
  26.5	1
  27.5	1
  28.5	1
  29.5	0
  30.5	0
  31.5	1
  32.5	1
  33.5	2
  34.5	1
  35.5	1
  36.5	1
  37.5	0
  38.5	0
  39.5	0
  40.5	1
  41.5	0
  42.5	0
  43.5	0
  44.5	1
  45.5	0
  46.5	0
DB 3 MOTIF	MA0568.1	MYC3
 -46.5	0
 -45.5	0
 -44.5	1
 -43.5	2
 -42.5	0
 -41.5	2
 -40.5	1
 -39.5	1
 -38.5	0
 -37.5	1
 -36.5	1
 -35.5	2
 -34.5	1
 -33.5	2
 -32.5	1
 -31.5	0
 -30.5	2
 -29.5	3
 -28.5	1
 -27.5	2
 -26.5	4
 -25.5	2
 -24.5	0
 -23.5	1
 -22.5	2
 -21.5	0
 -20.5	0
 -19.5	1
 -18.5	1
 -17.5	0
 -16.5	2
 -15.5	1
 -14.5	0
 -13.5	3
 -12.5	3
 -11.5	3
 -10.5	2
  -9.5	1
  -8.5	3
  -7.5	3
  -6.5	1
  -5.5	1
  -4.5	5
  -3.5	5
  -2.5	1
  -1.5	2
  -0.5	2
   0.5	1
   1.5	2
   2.5	1
   3.5	2
   4.5	2
   5.5	0
   6.5	1
   7.5	0
   8.5	0
   9.5	2
  10.5	4
  11.5	0
  12.5	5
  13.5	3
  14.5	2
  15.5	4
  16.5	1
  17.5	0
  18.5	4
  19.5	0
  20.5	1
  21.5	1
  22.5	1
  23.5	3
  24.5	2
  25.5	2
  26.5	1
  27.5	0
  28.5	1
  29.5	1
  30.5	3
  31.5	1
  32.5	0
  33.5	1
  34.5	1
  35.5	1
  36.5	0
  37.5	0
  38.5	1
  39.5	2
  40.5	0
  41.5	2
  42.5	0
  43.5	0
  44.5	0
  45.5	0
  46.5	0
DB 3 MOTIF	MA0615.1	Gmeb1
 -42.0	2
 -41.0	1
 -40.0	1
 -39.0	0
 -38.0	3
 -37.0	1
 -36.0	0
 -35.0	2
 -34.0	0
 -33.0	2
 -32.0	1
 -31.0	3
 -30.0	3
 -29.0	1
 -28.0	2
 -27.0	3
 -26.0	2
 -25.0	2
 -24.0	3
 -23.0	0
 -22.0	5
 -21.0	3
 -20.0	1
 -19.0	3
 -18.0	1
 -17.0	4
 -16.0	9
 -15.0	3
 -14.0	4
 -13.0	2
 -12.0	4
 -11.0	2
 -10.0	4
  -9.0	3
  -8.0	6
  -7.0	4
  -6.0	0
  -5.0	2
  -4.0	6
  -3.0	6
  -2.0	3
  -1.0	3
   0.0	5
   1.0	3
   2.0	4
   3.0	2
   4.0	3
   5.0	4
   6.0	4
   7.0	2
   8.0	3
   9.0	4
  10.0	12
  11.0	1
  12.0	5
  13.0	1
  14.0	3
  15.0	1
  16.0	2
  17.0	1
  18.0	1
  19.0	4
  20.0	0
  21.0	1
  22.0	4
  23.0	1
  24.0	1
  25.0	6
  26.0	3
  27.0	8
  28.0	2
  29.0	2
  30.0	3
  31.0	3
  32.0	1
  33.0	2
  34.0	3
  35.0	0
  36.0	1
  37.0	3
  38.0	0
  39.0	2
  40.0	1
  41.0	2
  42.0	6
DB 3 MOTIF	MA0671.1	NFIX
 -46.0	2
 -45.0	4
 -44.0	4
 -43.0	3
 -42.0	4
 -41.0	1
 -40.0	6
 -39.0	2
 -38.0	1
 -37.0	4
 -36.0	7
 -35.0	3
 -34.0	4
 -33.0	6
 -32.0	5
 -31.0	6
 -30.0	3
 -29.0	4
 -28.0	6
 -27.0	4
 -26.0	5
 -25.0	5
 -24.0	7
 -23.0	0
 -22.0	3
 -21.0	5
 -20.0	5
 -19.0	7
 -18.0	4
 -17.0	8
 -16.0	10
 -15.0	8
 -14.0	6
 -13.0	4.5
 -12.0	10
 -11.0	3
 -10.0	5
  -9.0	4
  -8.0	10
  -7.0	3
  -6.0	4
  -5.0	4
  -4.0	4
  -3.0	2
  -2.0	5
  -1.0	7
   0.0	7
   1.0	7
   2.0	6
   3.0	4
   4.0	5
   5.0	2
   6.0	3
   7.0	4
   8.0	7
   9.0	7
  10.0	6
  11.0	6
  12.0	5
  13.0	5
  14.0	9
  15.0	5
  16.0	7
  17.0	7
  18.0	4
  19.0	4
  20.0	2
  21.0	5
  22.0	5
  23.0	6
  24.0	4
  25.0	0
  26.0	6
  27.0	0
  28.0	4
  29.0	1
  30.0	4
  31.0	3
  32.0	3
  33.0	6
  34.0	5
  35.0	4
  36.0	5
  37.0	3
  38.0	5
  39.0	4
  40.0	4.5
  41.0	2
  42.0	3
  43.0	5
  44.0	2
  45.0	4
  46.0	1
DB 3 MOTIF	MA0688.1	TBX2
 -45.0	3.83333
 -44.0	1
 -43.0	3
 -42.0	3.25
 -41.0	1
 -40.0	3
 -39.0	4
 -38.0	3
 -37.0	2
 -36.0	2.14286
 -35.0	2.25
 -34.0	1.33333
 -33.0	1
 -32.0	4.53333
 -31.0	1
 -30.0	4.25
 -29.0	3.5
 -28.0	2.5
 -27.0	2
 -26.0	5
 -25.0	5.14286
 -24.0	2.33333
 -23.0	1.33333
 -22.0	0
 -21.0	2.58333
 -20.0	2
 -19.0	2.25
 -18.0	1.25
 -17.0	3
 -16.0	4
 -15.0	3.16667
 -14.0	4
 -13.0	2
 -12.0	7.14286
 -11.0	10.3333
 -10.0	3.83333
  -9.0	3
  -8.0	2
  -7.0	10
  -6.0	5.33333
  -5.0	1
  -4.0	2
  -3.0	1
  -2.0	5
  -1.0	6.45
   0.0	6
   1.0	8
   2.0	1.33333
   3.0	0.25
   4.0	5.14286
   5.0	5.33333
   6.0	5
   7.0	2
   8.0	4.16667
   9.0	2
  10.0	6.2
  11.0	4.25
  12.0	4.25
  13.0	2.33333
  14.0	3
  15.0	3.14286
  16.0	3
  17.0	3
  18.0	4.25
  19.0	2.25
  20.0	3
  21.0	2.25
  22.0	1
  23.0	2.2
  24.0	2.14286
  25.0	4
  26.0	0.416667
  27.0	3
  28.0	3
  29.0	3
  30.0	5.25
  31.0	1
  32.0	1
  33.0	4.25
  34.0	0
  35.0	2
  36.0	2.2
  37.0	3.16667
  38.0	1
  39.0	2
  40.0	2
  41.0	3
  42.0	0
  43.0	0.142857
  44.0	0
  45.0	1.33333
DB 3 MOTIF	MA0739.1	Hic1
 -46.0	4
 -45.0	1
 -44.0	2
 -43.0	1
 -42.0	1
 -41.0	5
 -40.0	1
 -39.0	2
 -38.0	1
 -37.0	2
 -36.0	1
 -35.0	0
 -34.0	3
 -33.0	3
 -32.0	4
 -31.0	2
 -30.0	3
 -29.0	2
 -28.0	6
 -27.0	4
 -26.0	3
 -25.0	4
 -24.0	3.5
 -23.0	2
 -22.0	3
 -21.0	2
 -20.0	3.5
 -19.0	2
 -18.0	3
 -17.0	5
 -16.0	3
 -15.0	4
 -14.0	7
 -13.0	3
 -12.0	2
 -11.0	5
 -10.0	2
  -9.0	10
  -8.0	5
  -7.0	4
  -6.0	2
  -5.0	6
  -4.0	2
  -3.0	3
  -2.0	4
  -1.0	4
   0.0	2
   1.0	5
   2.0	7
   3.0	4
   4.0	3
   5.0	3
   6.0	4
   7.0	7
   8.0	5
   9.0	2
  10.0	4
  11.0	3
  12.0	5.5
  13.0	8
  14.0	5
  15.0	3
  16.0	10
  17.0	3
  18.0	2
  19.0	3
  20.0	3
  21.0	0
  22.0	3
  23.0	4
  24.0	4
  25.0	1
  26.0	7
  27.0	3
  28.0	3
  29.0	2
  30.0	1
  31.0	3
  32.0	3
  33.0	1
  34.0	4
  35.0	6
  36.0	3
  37.0	5
  38.0	2
  39.0	5
  40.0	1
  41.0	1
  42.0	1
  43.0	2
  44.0	6
  45.0	2
  46.0	2.5
DB 3 MOTIF	MA0806.1	TBX4
 -46.5	1.14286
 -45.5	4.26786
 -44.5	0.166667
 -43.5	2
 -42.5	5.14286
 -41.5	1.16667
 -40.5	2
 -39.5	1
 -38.5	5.16667
 -37.5	2
 -36.5	3
 -35.5	2.375
 -34.5	2.14286
 -33.5	0.25
 -32.5	1.11111
 -31.5	3
 -30.5	4.41071
 -29.5	3
 -28.5	3.30952
 -27.5	6.16667
 -26.5	3
 -25.5	2
 -24.5	3.25
 -23.5	0
 -22.5	1.16667
 -21.5	0.142857
 -20.5	2.25
 -19.5	3.25397
 -18.5	1
 -17.5	2.14286
 -16.5	2.16667
 -15.5	3.14286
 -14.5	0
 -13.5	4.90278
 -12.5	4
 -11.5	9.125
 -10.5	3
  -9.5	2.41667
  -8.5	1
  -7.5	6.11111
  -6.5	2
  -5.5	3.16667
  -4.5	1
  -3.5	4.41667
  -2.5	2
  -1.5	6.25397
  -0.5	7.14286
   0.5	3.16667
   1.5	3
   2.5	2.25
   3.5	1
   4.5	7.26786
   5.5	6.16667
   6.5	1
   7.5	5.14286
   8.5	4
   9.5	3.11111
  10.5	2.30952
  11.5	4.30952
  12.5	3
  13.5	2.16667
  14.5	3
  15.5	3.125
  16.5	4.16667
  17.5	2.25
  18.5	3
  19.5	2.30952
  20.5	3.14286
  21.5	1
  22.5	2.11111
  23.5	2
  24.5	3.125
  25.5	4.28571
  26.5	2.125
  27.5	2
  28.5	1
  29.5	7
  30.5	1.26786
  31.5	1.14286
  32.5	3.375
  33.5	2
  34.5	1
  35.5	0.111111
  36.5	4.28571
  37.5	1.14286
  38.5	2.125
  39.5	2
  40.5	2
  41.5	0
  42.5	0
  43.5	1.26786
  44.5	1.26786
  45.5	0
  46.5	3.61111
DB 3 MOTIF	MA0024.3	E2F1
 -44.5	0
 -43.5	0
 -42.5	0
 -41.5	0
 -40.5	0
 -39.5	0
 -38.5	0
 -37.5	0
 -36.5	2
 -35.5	1
 -34.5	1
 -33.5	0
 -32.5	1
 -31.5	0
 -30.5	1
 -29.5	0
 -28.5	1
 -27.5	0
 -26.5	0
 -25.5	0
 -24.5	0
 -23.5	1
 -22.5	2
 -21.5	1
 -20.5	2
 -19.5	2
 -18.5	1
 -17.5	2
 -16.5	2
 -15.5	3
 -14.5	0
 -13.5	2
 -12.5	3
 -11.5	1
 -10.5	3
  -9.5	0
  -8.5	2
  -7.5	3
  -6.5	1
  -5.5	1
  -4.5	4
  -3.5	1
  -2.5	1
  -1.5	1
  -0.5	1
   0.5	2
   1.5	2
   2.5	0
   3.5	1
   4.5	2
   5.5	1
   6.5	1
   7.5	0
   8.5	1
   9.5	3
  10.5	0
  11.5	1
  12.5	1
  13.5	2
  14.5	1
  15.5	0
  16.5	1
  17.5	0
  18.5	1
  19.5	0
  20.5	2
  21.5	2
  22.5	0
  23.5	0
  24.5	1
  25.5	2
  26.5	0
  27.5	1
  28.5	1
  29.5	1
  30.5	0
  31.5	1
  32.5	1
  33.5	0
  34.5	2
  35.5	0
  36.5	0
  37.5	0
  38.5	0
  39.5	1
  40.5	0
  41.5	0
  42.5	0
  43.5	0
  44.5	1
DB 3 MOTIF	MA0876.1	BSX
 -46.5	1
 -45.5	5
 -44.5	2
 -43.5	2
 -42.5	3
 -41.5	1
 -40.5	4
 -39.5	1
 -38.5	6
 -37.5	3
 -36.5	3
 -35.5	4
 -34.5	2
 -33.5	2
 -32.5	6
 -31.5	1
 -30.5	2
 -29.5	3
 -28.5	0
 -27.5	4
 -26.5	3
 -25.5	6
 -24.5	2
 -23.5	3
 -22.5	3
 -21.5	1
 -20.5	6
 -19.5	7
 -18.5	5
 -17.5	3
 -16.5	3
 -15.5	1
 -14.5	2
 -13.5	6
 -12.5	4
 -11.5	6
 -10.5	6
  -9.5	5
  -8.5	3
  -7.5	4
  -6.5	10
  -5.5	5
  -4.5	5
  -3.5	5
  -2.5	4
  -1.5	5
  -0.5	3
   0.5	3
   1.5	8
   2.5	5
   3.5	8
   4.5	4
   5.5	5
   6.5	2
   7.5	7
   8.5	9
   9.5	3
  10.5	2
  11.5	6
  12.5	7
  13.5	8
  14.5	7
  15.5	6
  16.5	3
  17.5	3
  18.5	7
  19.5	5
  20.5	4
  21.5	1
  22.5	1
  23.5	2
  24.5	6
  25.5	4
  26.5	4
  27.5	3
  28.5	6
  29.5	4
  30.5	1
  31.5	2
  32.5	1
  33.5	3
  34.5	1
  35.5	2
  36.5	6
  37.5	5
  38.5	4
  39.5	8
  40.5	3
  41.5	2
  42.5	6
  43.5	4
  44.5	4
  45.5	3
  46.5	1
DB 3 MOTIF	MA0887.1	EVX1
 -45.5	5
 -44.5	3
 -43.5	4
 -42.5	1
 -41.5	2.5
 -40.5	1
 -39.5	3
 -38.5	4
 -37.5	3
 -36.5	2
 -35.5	6
 -34.5	2
 -33.5	3
 -32.5	4
 -31.5	2
 -30.5	2
 -29.5	4.5
 -28.5	1
 -27.5	2
 -26.5	2
 -25.5	4
 -24.5	2
 -23.5	5
 -22.5	5
 -21.5	3
 -20.5	4
 -19.5	6
 -18.5	5
 -17.5	3
 -16.5	1
 -15.5	1
 -14.5	2
 -13.5	8
 -12.5	6
 -11.5	5
 -10.5	2
  -9.5	2
  -8.5	3
  -7.5	4
  -6.5	7
  -5.5	5
  -4.5	3
  -3.5	7
  -2.5	8
  -1.5	4
  -0.5	2
   0.5	3
   1.5	6
   2.5	4
   3.5	3
   4.5	4
   5.5	5
   6.5	1
   7.5	6
   8.5	8
   9.5	5
  10.5	5
  11.5	4
  12.5	3
  13.5	7
  14.5	8
  15.5	4
  16.5	4
  17.5	6
  18.5	8
  19.5	4
  20.5	4
  21.5	0
  22.5	2
  23.5	2
  24.5	2
  25.5	1
  26.5	3
  27.5	2
  28.5	3
  29.5	6
  30.5	1
  31.5	4
  32.5	2
  33.5	3
  34.5	0
  35.5	5
  36.5	5
  37.5	4
  38.5	0
  39.5	5
  40.5	2
  41.5	1
  42.5	4
  43.5	4
  44.5	2
  45.5	3
DB 3 MOTIF	MA0888.1	EVX2
 -45.5	4
 -44.5	3
 -43.5	5
 -42.5	1
 -41.5	1
 -40.5	1
 -39.5	2
 -38.5	4
 -37.5	4
 -36.5	2
 -35.5	6
 -34.5	2
 -33.5	3
 -32.5	4
 -31.5	2
 -30.5	2
 -29.5	5
 -28.5	1
 -27.5	2
 -26.5	1
 -25.5	5
 -24.5	2
 -23.5	5
 -22.5	5
 -21.5	4
 -20.5	5
 -19.5	6
 -18.5	5
 -17.5	2
 -16.5	1
 -15.5	1
 -14.5	2
 -13.5	8
 -12.5	6
 -11.5	5
 -10.5	2
  -9.5	2
  -8.5	3
  -7.5	4
  -6.5	8
  -5.5	5
  -4.5	2
  -3.5	7
  -2.5	6
  -1.5	4
  -0.5	1
   0.5	3
   1.5	6
   2.5	5
   3.5	3
   4.5	4
   5.5	5
   6.5	1
   7.5	7
   8.5	8
   9.5	5
  10.5	4
  11.5	5
  12.5	3
  13.5	7
  14.5	8
  15.5	5
  16.5	4
  17.5	5
  18.5	7
  19.5	4
  20.5	4
  21.5	0
  22.5	2
  23.5	2
  24.5	2
  25.5	1
  26.5	4
  27.5	2
  28.5	4
  29.5	6
  30.5	1
  31.5	4
  32.5	1
  33.5	3
  34.5	0
  35.5	4
  36.5	5
  37.5	4
  38.5	1
  39.5	6
  40.5	3
  41.5	1
  42.5	4
  43.5	5
  44.5	2
  45.5	3
DB 3 MOTIF	MA0895.1	HMBOX1
 -45.5	1
 -44.5	2
 -43.5	5
 -42.5	4
 -41.5	3
 -40.5	4
 -39.5	3
 -38.5	2
 -37.5	1
 -36.5	3
 -35.5	0
 -34.5	3
 -33.5	1
 -32.5	3
 -31.5	7
 -30.5	1
 -29.5	3
 -28.5	0
 -27.5	1
 -26.5	2
 -25.5	2
 -24.5	3
 -23.5	1
 -22.5	2
 -21.5	4
 -20.5	4
 -19.5	5
 -18.5	6
 -17.5	7
 -16.5	4
 -15.5	1
 -14.5	5
 -13.5	1
 -12.5	3
 -11.5	7
 -10.5	5
  -9.5	5
  -8.5	8
  -7.5	4
  -6.5	8
  -5.5	4
  -4.5	2
  -3.5	5
  -2.5	3
  -1.5	4
  -0.5	3
   0.5	4
   1.5	4
   2.5	0
   3.5	5
   4.5	4
   5.5	6
   6.5	3
   7.5	2
   8.5	8
   9.5	4
  10.5	5
  11.5	7
  12.5	5
  13.5	6
  14.5	3
  15.5	3
  16.5	2
  17.5	4
  18.5	3
  19.5	4
  20.5	3
  21.5	3
  22.5	2
  23.5	3
  24.5	5
  25.5	4
  26.5	4
  27.5	5
  28.5	1
  29.5	3
  30.5	2
  31.5	2
  32.5	5
  33.5	2
  34.5	3
  35.5	1
  36.5	0
  37.5	1
  38.5	2
  39.5	3
  40.5	3
  41.5	1
  42.5	4
  43.5	5
  44.5	1
  45.5	1
DB 3 MOTIF	MA0970.1	CAMTA3
 -46.0	2
 -45.0	0
 -44.0	3.5
 -43.0	0
 -42.0	0
 -41.0	0.5
 -40.0	1
 -39.0	1
 -38.0	0
 -37.0	6
 -36.0	2
 -35.0	2
 -34.0	1
 -33.0	1
 -32.0	5
 -31.0	1
 -30.0	4
 -29.0	2
 -28.0	1
 -27.0	5
 -26.0	4
 -25.0	0
 -24.0	2
 -23.0	5
 -22.0	1
 -21.0	1
 -20.0	3
 -19.0	4
 -18.0	4
 -17.0	4
 -16.0	4
 -15.0	2
 -14.0	1
 -13.0	3
 -12.0	2
 -11.0	5
 -10.0	5
  -9.0	2
  -8.0	3
  -7.0	3
  -6.0	2
  -5.0	3
  -4.0	3
  -3.0	2
  -2.0	1
  -1.0	2
   0.0	3
   1.0	3
   2.0	1
   3.0	3
   4.0	3
   5.0	5
   6.0	2
   7.0	1
   8.0	2
   9.0	1
  10.0	3
  11.0	2
  12.0	2
  13.0	4
  14.0	5
  15.0	3
  16.0	7
  17.0	3
  18.0	4
  19.0	4
  20.0	4
  21.0	1
  22.0	2
  23.0	4
  24.0	1
  25.0	4
  26.0	0
  27.0	0
  28.0	3
  29.0	1
  30.0	6
  31.0	5
  32.0	2
  33.0	5
  34.0	1
  35.0	1
  36.0	0
  37.0	2
  38.0	0
  39.0	1
  40.0	3
  41.0	2
  42.0	1
  43.0	0
  44.0	1
  45.0	1
  46.0	0
DB 3 MOTIF	MA0979.1	ERF008
 -46.5	1.14286
 -45.5	2
 -44.5	1.125
 -43.5	6.23611
 -42.5	0
 -41.5	4.11111
 -40.5	0
 -39.5	2
 -38.5	1.26786
 -37.5	1.14286
 -36.5	0
 -35.5	2.22222
 -34.5	2
 -33.5	7.33611
 -32.5	0
 -31.5	1.14286
 -30.5	2.2
 -29.5	1
 -28.5	1
 -27.5	8.225
 -26.5	4
 -25.5	4.26786
 -24.5	4.11111
 -23.5	1
 -22.5	4.22222
 -21.5	5
 -20.5	3.25
 -19.5	4.16667
 -18.5	1.39286
 -17.5	3.325
 -16.5	2.32222
 -15.5	3
 -14.5	0.125
 -13.5	7.16667
 -12.5	5
 -11.5	6
 -10.5	4.46508
  -9.5	5
  -8.5	3
  -7.5	3
  -6.5	3.325
  -5.5	5.14286
  -4.5	3.22222
  -3.5	4
  -2.5	1.27778
  -1.5	6
  -0.5	3.56786
   0.5	3
   1.5	3.11111
   2.5	5.125
   3.5	4.16667
   4.5	6.14286
   5.5	3
   6.5	6.11111
   7.5	2.23611
   8.5	5.11111
   9.5	5
  10.5	5
  11.5	5
  12.5	7
  13.5	3.225
  14.5	4.25397
  15.5	2
  16.5	4.36667
  17.5	2
  18.5	2
  19.5	2.11111
  20.5	7
  21.5	3
  22.5	3.54563
  23.5	1.1
  24.5	3.11111
  25.5	3
  26.5	6
  27.5	5
  28.5	2
  29.5	3.24286
  30.5	2
  31.5	4.25
  32.5	4.11111
  33.5	3.62897
  34.5	2
  35.5	1.1
  36.5	1
  37.5	2
  38.5	2
  39.5	3.125
  40.5	3
  41.5	1.21111
  42.5	4
  43.5	6.11111
  44.5	1
  45.5	4
  46.5	2
DB 3 MOTIF	MA0997.1	ERF069
 -46.0	3
 -45.0	3
 -44.0	1
 -43.0	4
 -42.0	5
 -41.0	3
 -40.0	2
 -39.0	4
 -38.0	0
 -37.0	2
 -36.0	3
 -35.0	0
 -34.0	3
 -33.0	4
 -32.0	4
 -31.0	0
 -30.0	6
 -29.0	3
 -28.0	3
 -27.0	9
 -26.0	2
 -25.0	3
 -24.0	4
 -23.0	1
 -22.0	3
 -21.0	7
 -20.0	2
 -19.0	5
 -18.0	2
 -17.0	5
 -16.0	3
 -15.0	1
 -14.0	2
 -13.0	7
 -12.0	6
 -11.0	5
 -10.0	5
  -9.0	6
  -8.0	4
  -7.0	5
  -6.0	4
  -5.0	4
  -4.0	3
  -3.0	4
  -2.0	9
  -1.0	7
   0.0	5
   1.0	6
   2.0	6
   3.0	7
   4.0	5
   5.0	4
   6.0	5
   7.0	7.5
   8.0	3
   9.0	6
  10.0	3
  11.0	8
  12.0	6
  13.0	5
  14.0	6.5
  15.0	1
  16.0	7
  17.0	6
  18.0	4
  19.0	3
  20.0	0
  21.0	6
  22.0	5
  23.0	3
  24.0	3
  25.0	3
  26.0	6
  27.0	4
  28.0	3
  29.0	2
  30.0	3
  31.0	5
  32.0	4
  33.0	1
  34.0	2
  35.0	5
  36.0	3
  37.0	2.5
  38.0	2
  39.0	1
  40.0	2.5
  41.0	3
  42.0	5
  43.0	3
  44.0	6
  45.0	2
  46.0	4
DB 3 MOTIF	MA0998.1	ERF096
 -45.5	0
 -44.5	1
 -43.5	3
 -42.5	1
 -41.5	2
 -40.5	2
 -39.5	2
 -38.5	1
 -37.5	1
 -36.5	0
 -35.5	2
 -34.5	3
 -33.5	5
 -32.5	1
 -31.5	0
 -30.5	3
 -29.5	1
 -28.5	2
 -27.5	6
 -26.5	2
 -25.5	1
 -24.5	3
 -23.5	1
 -22.5	3
 -21.5	3
 -20.5	3
 -19.5	4
 -18.5	1
 -17.5	4
 -16.5	3
 -15.5	3
 -14.5	0
 -13.5	2
 -12.5	4
 -11.5	7
 -10.5	3
  -9.5	4
  -8.5	8
  -7.5	6
  -6.5	1
  -5.5	2
  -4.5	4
  -3.5	2
  -2.5	4
  -1.5	8
  -0.5	4
   0.5	3
   1.5	1
   2.5	6
   3.5	2
   4.5	3
   5.5	2
   6.5	7
   7.5	2
   8.5	4
   9.5	3
  10.5	3
  11.5	4
  12.5	5
  13.5	3
  14.5	2
  15.5	1
  16.5	6
  17.5	2
  18.5	3
  19.5	1
  20.5	4
  21.5	2
  22.5	2
  23.5	1
  24.5	1
  25.5	3
  26.5	3
  27.5	4
  28.5	1
  29.5	3
  30.5	2
  31.5	4
  32.5	1
  33.5	2
  34.5	4
  35.5	3
  36.5	2
  37.5	2
  38.5	0
  39.5	1
  40.5	1
  41.5	2
  42.5	1
  43.5	3
  44.5	3
  45.5	4
DB 3 MOTIF	MA1008.1	PHYPADRAFT_182268
 -45.5	0
 -44.5	0
 -43.5	1
 -42.5	0
 -41.5	1
 -40.5	0
 -39.5	0
 -38.5	0
 -37.5	0
 -36.5	0
 -35.5	0
 -34.5	0
 -33.5	0
 -32.5	0
 -31.5	0
 -30.5	0
 -29.5	1
 -28.5	0
 -27.5	0
 -26.5	0
 -25.5	0
 -24.5	0
 -23.5	0
 -22.5	1
 -21.5	2
 -20.5	0
 -19.5	0
 -18.5	0
 -17.5	0
 -16.5	0
 -15.5	1
 -14.5	0
 -13.5	1
 -12.5	0
 -11.5	0
 -10.5	0
  -9.5	3
  -8.5	0
  -7.5	0
  -6.5	2
  -5.5	0
  -4.5	0
  -3.5	2
  -2.5	0
  -1.5	0
  -0.5	2
   0.5	0
   1.5	0
   2.5	1
   3.5	3
   4.5	0
   5.5	0
   6.5	0
   7.5	0
   8.5	1
   9.5	0
  10.5	2
  11.5	0
  12.5	0
  13.5	1
  14.5	0
  15.5	0
  16.5	1
  17.5	0
  18.5	0
  19.5	1
  20.5	1
  21.5	0
  22.5	0
  23.5	0
  24.5	2
  25.5	1
  26.5	1
  27.5	0
  28.5	0
  29.5	0
  30.5	0
  31.5	0
  32.5	0
  33.5	0
  34.5	0
  35.5	0
  36.5	0
  37.5	0
  38.5	0
  39.5	0
  40.5	0
  41.5	0
  42.5	0
  43.5	0
  44.5	0
  45.5	0
DB 3 MOTIF	MA1020.1	GT-1
 -46.5	1
 -45.5	1
 -44.5	2
 -43.5	0
 -42.5	0
 -41.5	1
 -40.5	1
 -39.5	3
 -38.5	2
 -37.5	1
 -36.5	0
 -35.5	0
 -34.5	0
 -33.5	1
 -32.5	3
 -31.5	0
 -30.5	3
 -29.5	1
 -28.5	1
 -27.5	1
 -26.5	3
 -25.5	2
 -24.5	2
 -23.5	2
 -22.5	0
 -21.5	5
 -20.5	1
 -19.5	0
 -18.5	3
 -17.5	2
 -16.5	0
 -15.5	1
 -14.5	4
 -13.5	0
 -12.5	2
 -11.5	1
 -10.5	3
  -9.5	5
  -8.5	3
  -7.5	6
  -6.5	2
  -5.5	4
  -4.5	4
  -3.5	1
  -2.5	1.5
  -1.5	0
  -0.5	2.5
   0.5	2.5
   1.5	3
   2.5	3.5
   3.5	1
   4.5	5
   5.5	4
   6.5	3
   7.5	3
   8.5	4
   9.5	2
  10.5	3
  11.5	6
  12.5	0
  13.5	1
  14.5	3
  15.5	0
  16.5	2
  17.5	3
  18.5	0.5
  19.5	0
  20.5	1.5
  21.5	0.5
  22.5	1.5
  23.5	5
  24.5	4
  25.5	3
  26.5	3
  27.5	0.5
  28.5	2.5
  29.5	3
  30.5	2
  31.5	1
  32.5	1
  33.5	2
  34.5	0
  35.5	1
  36.5	0
  37.5	1
  38.5	1
  39.5	1
  40.5	0
  41.5	0
  42.5	2
  43.5	1
  44.5	2
  45.5	1
  46.5	1
DB 3 MOTIF	MA1023.1	PHYPADRAFT_28324
 -46.5	0
 -45.5	0
 -44.5	0
 -43.5	1
 -42.5	0
 -41.5	0
 -40.5	0
 -39.5	0
 -38.5	0
 -37.5	0
 -36.5	0
 -35.5	0
 -34.5	0
 -33.5	0
 -32.5	0
 -31.5	0
 -30.5	0
 -29.5	1
 -28.5	0
 -27.5	0
 -26.5	0
 -25.5	0
 -24.5	0
 -23.5	0
 -22.5	1
 -21.5	2
 -20.5	0
 -19.5	0
 -18.5	0
 -17.5	0
 -16.5	0
 -15.5	1
 -14.5	0
 -13.5	1
 -12.5	0
 -11.5	0
 -10.5	0
  -9.5	3
  -8.5	0
  -7.5	0
  -6.5	2
  -5.5	0
  -4.5	0
  -3.5	2
  -2.5	0
  -1.5	0
  -0.5	2
   0.5	0
   1.5	0
   2.5	1
   3.5	3
   4.5	0
   5.5	0
   6.5	0
   7.5	0
   8.5	1
   9.5	0
  10.5	2
  11.5	0
  12.5	0
  13.5	1
  14.5	0
  15.5	0
  16.5	1
  17.5	0
  18.5	0
  19.5	1
  20.5	1
  21.5	0
  22.5	0
  23.5	0
  24.5	2
  25.5	1
  26.5	1
  27.5	0
  28.5	0
  29.5	0
  30.5	0
  31.5	0
  32.5	0
  33.5	0
  34.5	0
  35.5	0
  36.5	0
  37.5	0
  38.5	0
  39.5	0
  40.5	0
  41.5	0
  42.5	0
  43.5	0
  44.5	0
  45.5	0
  46.5	0
DB 3 MOTIF	MA1031.1	OJ1581_H09.2
 -45.5	0
 -44.5	1
 -43.5	0
 -42.5	0
 -41.5	0
 -40.5	1
 -39.5	0
 -38.5	0
 -37.5	0
 -36.5	0
 -35.5	2
 -34.5	1
 -33.5	2
 -32.5	1
 -31.5	0
 -30.5	1
 -29.5	0
 -28.5	1
 -27.5	1
 -26.5	3
 -25.5	2
 -24.5	2
 -23.5	2
 -22.5	3
 -21.5	0
 -20.5	1
 -19.5	1
 -18.5	3
 -17.5	0
 -16.5	2
 -15.5	2
 -14.5	1
 -13.5	1
 -12.5	1
 -11.5	0
 -10.5	2
  -9.5	3
  -8.5	1
  -7.5	3
  -6.5	1
  -5.5	1
  -4.5	0
  -3.5	1
  -2.5	0
  -1.5	1
  -0.5	2
   0.5	3
   1.5	3
   2.5	2
   3.5	2
   4.5	0
   5.5	2
   6.5	0
   7.5	1
   8.5	0
   9.5	2
  10.5	1
  11.5	1
  12.5	2
  13.5	2
  14.5	1
  15.5	1
  16.5	1
  17.5	1
  18.5	1
  19.5	0
  20.5	0
  21.5	0
  22.5	0
  23.5	6
  24.5	3
  25.5	3
  26.5	0
  27.5	1
  28.5	1
  29.5	1
  30.5	3
  31.5	0
  32.5	1
  33.5	0
  34.5	1
  35.5	1
  36.5	0
  37.5	0
  38.5	2
  39.5	0
  40.5	0
  41.5	0
  42.5	0
  43.5	1
  44.5	1
  45.5	1
DB 3 MOTIF	MA1037.1	MYB24
 -46.0	0
 -45.0	3
 -44.0	4
 -43.0	4
 -42.0	1
 -41.0	7
 -40.0	4
 -39.0	5
 -38.0	5
 -37.0	0
 -36.0	3
 -35.0	4
 -34.0	2
 -33.0	5
 -32.0	5
 -31.0	7
 -30.0	4
 -29.0	5
 -28.0	6.5
 -27.0	4
 -26.0	8
 -25.0	6
 -24.0	6
 -23.0	5.5
 -22.0	8.5
 -21.0	7
 -20.0	4
 -19.0	8
 -18.0	3
 -17.0	7
 -16.0	1
 -15.0	5
 -14.0	3
 -13.0	9
 -12.0	8
 -11.0	6
 -10.0	5
  -9.0	4
  -8.0	7
  -7.0	5
  -6.0	5
  -5.0	8
  -4.0	9
  -3.0	5
  -2.0	2
  -1.0	6
   0.0	6
   1.0	8
   2.0	4
   3.0	4
   4.0	3
   5.0	6
   6.0	9
   7.0	7
   8.0	2
   9.0	9
  10.0	3
  11.0	6.5
  12.0	4
  13.0	7
  14.0	6.5
  15.0	5
  16.0	5
  17.0	4
  18.0	10
  19.0	2
  20.0	5
  21.0	5.5
  22.0	7
  23.0	4
  24.0	8
  25.0	4
  26.0	9
  27.0	2.5
  28.0	11
  29.0	6
  30.0	5
  31.0	2
  32.0	10
  33.0	0
  34.0	1
  35.0	3
  36.0	3
  37.0	3
  38.0	5
  39.0	4
  40.0	1
  41.0	4
  42.0	3
  43.0	8
  44.0	5
  45.0	4.5
  46.0	6
DB 3 MOTIF	MA1051.1	RAP2-3
 -46.5	0
 -45.5	2
 -44.5	0
 -43.5	0
 -42.5	2
 -41.5	1
 -40.5	1
 -39.5	1
 -38.5	1
 -37.5	1
 -36.5	2
 -35.5	2
 -34.5	1
 -33.5	1
 -32.5	0
 -31.5	4
 -30.5	1
 -29.5	1
 -28.5	2
 -27.5	2
 -26.5	0
 -25.5	2
 -24.5	1
 -23.5	1
 -22.5	1
 -21.5	2
 -20.5	0
 -19.5	1
 -18.5	2
 -17.5	2
 -16.5	3
 -15.5	2
 -14.5	2
 -13.5	3
 -12.5	2
 -11.5	5
 -10.5	3
  -9.5	6
  -8.5	5
  -7.5	2
  -6.5	3
  -5.5	0
  -4.5	1
  -3.5	5
  -2.5	2
  -1.5	3
  -0.5	1
   0.5	4
   1.5	2
   2.5	0
   3.5	4
   4.5	1
   5.5	3
   6.5	3
   7.5	2
   8.5	2
   9.5	2
  10.5	3
  11.5	4
  12.5	1
  13.5	1
  14.5	2
  15.5	2.5
  16.5	1
  17.5	1
  18.5	1
  19.5	1
  20.5	1
  21.5	3
  22.5	0
  23.5	0
  24.5	1
  25.5	1
  26.5	3
  27.5	3
  28.5	0
  29.5	1
  30.5	0
  31.5	3
  32.5	1
  33.5	0
  34.5	0
  35.5	2
  36.5	1
  37.5	1
  38.5	0
  39.5	0
  40.5	0
  41.5	0
  42.5	0
  43.5	0
  44.5	1
  45.5	1
  46.5	0.5
DB 3 MOTIF	MA1054.1	ARALYDRAFT_897773
 -45.5	0
 -44.5	1
 -43.5	0
 -42.5	0
 -41.5	0
 -40.5	0
 -39.5	0
 -38.5	0
 -37.5	0
 -36.5	1
 -35.5	1
 -34.5	1
 -33.5	2
 -32.5	0
 -31.5	0
 -30.5	0
 -29.5	1
 -28.5	0
 -27.5	1
 -26.5	1
 -25.5	3
 -24.5	1
 -23.5	2
 -22.5	2
 -21.5	1
 -20.5	0
 -19.5	1
 -18.5	0
 -17.5	1
 -16.5	2
 -15.5	3
 -14.5	2
 -13.5	1
 -12.5	0
 -11.5	0
 -10.5	1
  -9.5	1
  -8.5	0
  -7.5	2
  -6.5	0
  -5.5	1
  -4.5	0
  -3.5	0
  -2.5	1
  -1.5	2
  -0.5	0
   0.5	4
   1.5	2
   2.5	3
   3.5	1
   4.5	0
   5.5	2
   6.5	0
   7.5	0
   8.5	1
   9.5	2
  10.5	0
  11.5	4
  12.5	1
  13.5	1
  14.5	1
  15.5	1
  16.5	1
  17.5	1
  18.5	2
  19.5	1
  20.5	1
  21.5	0
  22.5	2
  23.5	3
  24.5	1
  25.5	2
  26.5	0
  27.5	1
  28.5	1
  29.5	0
  30.5	0
  31.5	0
  32.5	0
  33.5	2
  34.5	0
  35.5	0
  36.5	1
  37.5	0
  38.5	0
  39.5	0
  40.5	0
  41.5	0
  42.5	1
  43.5	0
  44.5	2
  45.5	0
DB 3 MOTIF	MA1061.1	SPT
 -46.0	0
 -45.0	0
 -44.0	2
 -43.0	1
 -42.0	1
 -41.0	1
 -40.0	1
 -39.0	0
 -38.0	2
 -37.0	0
 -36.0	2
 -35.0	1
 -34.0	0
 -33.0	2
 -32.0	1
 -31.0	3
 -30.0	1
 -29.0	3
 -28.0	2
 -27.0	3
 -26.0	3
 -25.0	3
 -24.0	1
 -23.0	1
 -22.0	2
 -21.0	1
 -20.0	2
 -19.0	1
 -18.0	1
 -17.0	1
 -16.0	2
 -15.0	2
 -14.0	3
 -13.0	4
 -12.0	3
 -11.0	3
 -10.0	1
  -9.0	2
  -8.0	2.5
  -7.0	3
  -6.0	0
  -5.0	1
  -4.0	5
  -3.0	3
  -2.0	1
  -1.0	1
   0.0	3
   1.0	3.5
   2.0	3
   3.0	0
   4.0	3.5
   5.0	4
   6.0	1
   7.0	1
   8.0	3
   9.0	1
  10.0	3
  11.0	0
  12.0	3
  13.0	4.5
  14.0	1
  15.0	6
  16.0	3
  17.0	2
  18.0	3
  19.0	2
  20.0	2
  21.0	2
  22.0	4
  23.0	2
  24.0	4
  25.0	2
  26.0	3
  27.0	2
  28.0	1
  29.0	2
  30.0	1
  31.0	1
  32.0	3
  33.0	1
  34.0	1
  35.0	1
  36.0	0
  37.0	3
  38.0	0
  39.0	0
  40.0	1
  41.0	0
  42.0	0
  43.0	2
  44.0	0
  45.0	2
  46.0	1
DB 3 MOTIF	MA1066.1	TCP23
 -46.5	0
 -45.5	1
 -44.5	0
 -43.5	0
 -42.5	0
 -41.5	0
 -40.5	0
 -39.5	0
 -38.5	0
 -37.5	0
 -36.5	1
 -35.5	1
 -34.5	2
 -33.5	1
 -32.5	1
 -31.5	2
 -30.5	0
 -29.5	1.5
 -28.5	0
 -27.5	0
 -26.5	2
 -25.5	0
 -24.5	3
 -23.5	1
 -22.5	0
 -21.5	1.5
 -20.5	1
 -19.5	0
 -18.5	1
 -17.5	3
 -16.5	3
 -15.5	1
 -14.5	1
 -13.5	0
 -12.5	0
 -11.5	0
 -10.5	0
  -9.5	1
  -8.5	3
  -7.5	2
  -6.5	2
  -5.5	0
  -4.5	0
  -3.5	1
  -2.5	1
  -1.5	0
  -0.5	1
   0.5	2
   1.5	1
   2.5	1
   3.5	2
   4.5	4
   5.5	1
   6.5	0
   7.5	0
   8.5	0
   9.5	0
  10.5	2
  11.5	0
  12.5	1
  13.5	2
  14.5	1
  15.5	0
  16.5	3
  17.5	0
  18.5	0
  19.5	2
  20.5	0
  21.5	2
  22.5	0
  23.5	0
  24.5	1
  25.5	2
  26.5	2
  27.5	1
  28.5	1
  29.5	0
  30.5	1
  31.5	0
  32.5	0
  33.5	1
  34.5	0
  35.5	0
  36.5	0
  37.5	0
  38.5	0
  39.5	0
  40.5	0
  41.5	0
  42.5	0
  43.5	0
  44.5	1
  45.5	0
  46.5	0
DB 3 MOTIF	MA1097.1	ARALYDRAFT_493022
 -46.5	0
 -45.5	1
 -44.5	0
 -43.5	0
 -42.5	0
 -41.5	0
 -40.5	0
 -39.5	0
 -38.5	0
 -37.5	0
 -36.5	1
 -35.5	1
 -34.5	1
 -33.5	2
 -32.5	1
 -31.5	1
 -30.5	0
 -29.5	0.5
 -28.5	0
 -27.5	0
 -26.5	2
 -25.5	0
 -24.5	3
 -23.5	2
 -22.5	0
 -21.5	0.5
 -20.5	1
 -19.5	0
 -18.5	2
 -17.5	1
 -16.5	2
 -15.5	1
 -14.5	1
 -13.5	0
 -12.5	0
 -11.5	0
 -10.5	0
  -9.5	0
  -8.5	1
  -7.5	0
  -6.5	0
  -5.5	0
  -4.5	0
  -3.5	0
  -2.5	1
  -1.5	0
  -0.5	2
   0.5	2
   1.5	1
   2.5	0
   3.5	1
   4.5	2
   5.5	1
   6.5	0
   7.5	0
   8.5	1
   9.5	1
  10.5	3
  11.5	0
  12.5	2
  13.5	1
  14.5	1
  15.5	1
  16.5	1
  17.5	0
  18.5	0
  19.5	1.5
  20.5	0
  21.5	1.5
  22.5	0
  23.5	0
  24.5	1
  25.5	2
  26.5	2
  27.5	1
  28.5	1
  29.5	0
  30.5	0
  31.5	0
  32.5	2
  33.5	0
  34.5	0
  35.5	0
  36.5	0
  37.5	1
  38.5	0
  39.5	0
  40.5	0
  41.5	0
  42.5	0
  43.5	0
  44.5	0
  45.5	0
  46.5	0
DB 3 MOTIF	MA1129.1	FOSL1::JUN
 -45.5	2
 -44.5	1
 -43.5	1
 -42.5	1
 -41.5	1
 -40.5	0
 -39.5	0
 -38.5	1
 -37.5	0
 -36.5	0
 -35.5	0
 -34.5	1
 -33.5	0
 -32.5	1
 -31.5	2
 -30.5	1
 -29.5	0
 -28.5	2
 -27.5	2
 -26.5	1
 -25.5	0
 -24.5	0
 -23.5	2
 -22.5	1
 -21.5	2
 -20.5	1
 -19.5	0
 -18.5	2
 -17.5	0
 -16.5	3
 -15.5	4
 -14.5	2
 -13.5	1
 -12.5	1
 -11.5	2
 -10.5	3
  -9.5	1
  -8.5	3
  -7.5	3
  -6.5	2
  -5.5	1
  -4.5	1
  -3.5	5
  -2.5	5
  -1.5	0
  -0.5	3
   0.5	2
   1.5	3
   2.5	6
   3.5	0
   4.5	2
   5.5	1
   6.5	1
   7.5	1
   8.5	3
   9.5	4
  10.5	1
  11.5	3
  12.5	2
  13.5	3
  14.5	1
  15.5	1
  16.5	2
  17.5	0
  18.5	2
  19.5	2
  20.5	1
  21.5	1
  22.5	0
  23.5	2
  24.5	2
  25.5	3
  26.5	0
  27.5	4
  28.5	1
  29.5	0
  30.5	4
  31.5	1
  32.5	1
  33.5	1
  34.5	0
  35.5	0
  36.5	1
  37.5	1
  38.5	0
  39.5	1
  40.5	0
  41.5	1
  42.5	1
  43.5	2
  44.5	1
  45.5	2
DB 3 MOTIF	MA1130.1	FOSL2::JUN
 -44.5	1
 -43.5	1
 -42.5	0
 -41.5	1
 -40.5	0
 -39.5	0
 -38.5	1
 -37.5	1
 -36.5	0
 -35.5	0.5
 -34.5	0.5
 -33.5	1
 -32.5	1
 -31.5	1
 -30.5	2
 -29.5	0
 -28.5	0
 -27.5	0
 -26.5	0
 -25.5	2
 -24.5	1
 -23.5	1
 -22.5	1
 -21.5	0
 -20.5	1
 -19.5	1
 -18.5	1
 -17.5	1
 -16.5	1
 -15.5	1
 -14.5	1
 -13.5	0
 -12.5	0
 -11.5	3
 -10.5	2
  -9.5	0
  -8.5	0
  -7.5	0
  -6.5	0
  -5.5	2
  -4.5	3
  -3.5	0
  -2.5	0
  -1.5	4
  -0.5	1
   0.5	1
   1.5	5
   2.5	5
   3.5	0
   4.5	1
   5.5	0
   6.5	0
   7.5	0
   8.5	1
   9.5	2
  10.5	2
  11.5	0
  12.5	1
  13.5	0
  14.5	5
  15.5	1
  16.5	0
  17.5	1
  18.5	0
  19.5	0
  20.5	1
  21.5	2
  22.5	0
  23.5	2
  24.5	1
  25.5	2
  26.5	0
  27.5	0
  28.5	1
  29.5	0
  30.5	1
  31.5	0
  32.5	0
  33.5	0
  34.5	0
  35.5	2
  36.5	0
  37.5	2
  38.5	0
  39.5	1
  40.5	0
  41.5	1
  42.5	0
  43.5	2
  44.5	1
DB 3 MOTIF	MA1136.1	FOSB::JUNB
 -45.5	2
 -44.5	1
 -43.5	1
 -42.5	1
 -41.5	0
 -40.5	0
 -39.5	0
 -38.5	1
 -37.5	0
 -36.5	0
 -35.5	0
 -34.5	2
 -33.5	0
 -32.5	1
 -31.5	2
 -30.5	1
 -29.5	0
 -28.5	2
 -27.5	2
 -26.5	1
 -25.5	0
 -24.5	0
 -23.5	2
 -22.5	1
 -21.5	2
 -20.5	1
 -19.5	0
 -18.5	1
 -17.5	0
 -16.5	3
 -15.5	4
 -14.5	2
 -13.5	1
 -12.5	1
 -11.5	2
 -10.5	2
  -9.5	1
  -8.5	3
  -7.5	2
  -6.5	3
  -5.5	1
  -4.5	0
  -3.5	6
  -2.5	4
  -1.5	0
  -0.5	3
   0.5	2
   1.5	3
   2.5	6
   3.5	0
   4.5	2
   5.5	2
   6.5	1
   7.5	1
   8.5	1
   9.5	4
  10.5	0
  11.5	3
  12.5	1
  13.5	3
  14.5	1
  15.5	1
  16.5	3
  17.5	0
  18.5	2
  19.5	2
  20.5	1
  21.5	1
  22.5	0
  23.5	2
  24.5	2
  25.5	3
  26.5	0
  27.5	3
  28.5	1
  29.5	0
  30.5	3
  31.5	1
  32.5	1
  33.5	1
  34.5	0
  35.5	0
  36.5	2
  37.5	0
  38.5	0
  39.5	1
  40.5	0
  41.5	1
  42.5	1
  43.5	3
  44.5	0
  45.5	2
DB 3 MOTIF	MA1143.1	FOSL1::JUND
 -45.5	4
 -44.5	0
 -43.5	1
 -42.5	2
 -41.5	2
 -40.5	2
 -39.5	1
 -38.5	4
 -37.5	0
 -36.5	1
 -35.5	2
 -34.5	2
 -33.5	2
 -32.5	1
 -31.5	2
 -30.5	4
 -29.5	1
 -28.5	2
 -27.5	5
 -26.5	2
 -25.5	0
 -24.5	2
 -23.5	3
 -22.5	6
 -21.5	5
 -20.5	3
 -19.5	0
 -18.5	1
 -17.5	0
 -16.5	4
 -15.5	6
 -14.5	3
 -13.5	1
 -12.5	3
 -11.5	2
 -10.5	7
  -9.5	2
  -8.5	5
  -7.5	6
  -6.5	4
  -5.5	2
  -4.5	4
  -3.5	5
  -2.5	7
  -1.5	2
  -0.5	5
   0.5	5
   1.5	8
   2.5	9
   3.5	2
   4.5	5
   5.5	5
   6.5	1
   7.5	1
   8.5	3
   9.5	6
  10.5	1
  11.5	5
  12.5	3
  13.5	5
  14.5	4
  15.5	2
  16.5	6
  17.5	2
  18.5	3
  19.5	3
  20.5	1
  21.5	1
  22.5	4
  23.5	4
  24.5	4
  25.5	6
  26.5	2
  27.5	5
  28.5	5
  29.5	1
  30.5	5
  31.5	3
  32.5	3
  33.5	2
  34.5	0
  35.5	3
  36.5	3
  37.5	2
  38.5	1
  39.5	2
  40.5	1
  41.5	3
  42.5	1
  43.5	7
  44.5	1
  45.5	7
DB 3 MOTIF	MA1145.1	FOSL2::JUND
 -43.0	1
 -42.0	0
 -41.0	1
 -40.0	0
 -39.0	0
 -38.0	0
 -37.0	0
 -36.0	1
 -35.0	0
 -34.0	1
 -33.0	0
 -32.0	0
 -31.0	1
 -30.0	0
 -29.0	1
 -28.0	1
 -27.0	1
 -26.0	1
 -25.0	0
 -24.0	2
 -23.0	0
 -22.0	3
 -21.0	1
 -20.0	0
 -19.0	1
 -18.0	0
 -17.0	1
 -16.0	2
 -15.0	3
 -14.0	1
 -13.0	1
 -12.0	1
 -11.0	1
 -10.0	1
  -9.0	2
  -8.0	0
  -7.0	3
  -6.0	0
  -5.0	1
  -4.0	1
  -3.0	7
  -2.0	1
  -1.0	0
   0.0	2
   1.0	3
   2.0	3
   3.0	2
   4.0	1
   5.0	1
   6.0	1
   7.0	1
   8.0	2
   9.0	2
  10.0	3
  11.0	2
  12.0	2
  13.0	0
  14.0	2
  15.0	0
  16.0	1
  17.0	2
  18.0	2
  19.0	1
  20.0	2
  21.0	1
  22.0	0
  23.0	1
  24.0	2
  25.0	1
  26.0	3
  27.0	2
  28.0	2
  29.0	0
  30.0	0
  31.0	1
  32.0	1
  33.0	0
  34.0	0
  35.0	0
  36.0	0
  37.0	0
  38.0	0
  39.0	1
  40.0	1
  41.0	0
  42.0	2
  43.0	2
DB 3 MOTIF	MA1221.1	RAP2-6
 -43.0	1
 -42.0	0
 -41.0	0
 -40.0	0
 -39.0	0
 -38.0	0
 -37.0	1
 -36.0	0
 -35.0	1
 -34.0	0
 -33.0	0
 -32.0	0
 -31.0	0
 -30.0	0
 -29.0	0
 -28.0	0
 -27.0	1
 -26.0	1
 -25.0	0
 -24.0	0
 -23.0	0
 -22.0	1
 -21.0	1
 -20.0	0
 -19.0	0
 -18.0	0
 -17.0	1
 -16.0	0
 -15.0	0
 -14.0	1
 -13.0	2
 -12.0	1
 -11.0	2
 -10.0	2
  -9.0	0
  -8.0	2
  -7.0	0
  -6.0	1
  -5.0	0
  -4.0	1
  -3.0	1
  -2.0	1
  -1.0	1
   0.0	0
   1.0	1
   2.0	1
   3.0	0
   4.0	1
   5.0	2
   6.0	1
   7.0	1
   8.0	0
   9.0	2
  10.0	2
  11.0	0
  12.0	0
  13.0	2
  14.0	0
  15.0	0
  16.0	0
  17.0	0
  18.0	0
  19.0	0
  20.0	0
  21.0	0
  22.0	0
  23.0	0
  24.0	0
  25.0	1
  26.0	1
  27.0	0
  28.0	0
  29.0	0
  30.0	0
  31.0	1
  32.0	0
  33.0	0
  34.0	0
  35.0	0
  36.0	0
  37.0	0
  38.0	2
  39.0	0
  40.0	0
  41.0	0
  42.0	0
  43.0	0
DB 3 MOTIF	MA1247.1	ERF087
 -43.0	0
 -42.0	1
 -41.0	0
 -40.0	0
 -39.0	1
 -38.0	0
 -37.0	0
 -36.0	0
 -35.0	0
 -34.0	0
 -33.0	1
 -32.0	0
 -31.0	0
 -30.0	0
 -29.0	0
 -28.0	0
 -27.0	1
 -26.0	1
 -25.0	0
 -24.0	0
 -23.0	0
 -22.0	1
 -21.0	0
 -20.0	1
 -19.0	0
 -18.0	0
 -17.0	0
 -16.0	0
 -15.0	1
 -14.0	0
 -13.0	3
 -12.0	0
 -11.0	3
 -10.0	2
  -9.0	0
  -8.0	2
  -7.0	2
  -6.0	0
  -5.0	0
  -4.0	0
  -3.0	0
  -2.0	2
  -1.0	1
   0.0	0
   1.0	1
   2.0	1
   3.0	0
   4.0	1
   5.0	2
   6.0	2
   7.0	1
   8.0	1
   9.0	1
  10.0	2
  11.0	0
  12.0	0
  13.0	1
  14.0	0
  15.0	0
  16.0	1
  17.0	0
  18.0	0
  19.0	0
  20.0	0
  21.0	1
  22.0	1
  23.0	0
  24.0	0
  25.0	0
  26.0	2
  27.0	0
  28.0	0
  29.0	0
  30.0	0
  31.0	1
  32.0	0
  33.0	0
  34.0	0
  35.0	1
  36.0	0
  37.0	0
  38.0	0
  39.0	0
  40.0	0
  41.0	1
  42.0	0
  43.0	0
DB 3 MOTIF	MA1263.1	ERF055
 -43.5	0
 -42.5	2
 -41.5	0
 -40.5	0
 -39.5	1
 -38.5	0
 -37.5	0
 -36.5	0
 -35.5	0
 -34.5	1
 -33.5	0
 -32.5	0
 -31.5	0
 -30.5	0
 -29.5	0
 -28.5	0
 -27.5	0
 -26.5	0
 -25.5	2
 -24.5	1
 -23.5	1
 -22.5	1
 -21.5	0
 -20.5	1
 -19.5	1
 -18.5	2
 -17.5	1
 -16.5	1
 -15.5	0
 -14.5	1
 -13.5	0
 -12.5	1
 -11.5	1
 -10.5	2
  -9.5	0
  -8.5	1
  -7.5	2
  -6.5	0
  -5.5	0
  -4.5	0
  -3.5	0
  -2.5	2
  -1.5	1
  -0.5	0
   0.5	1
   1.5	2
   2.5	2
   3.5	2
   4.5	1
   5.5	1
   6.5	0
   7.5	2
   8.5	0
   9.5	1
  10.5	0
  11.5	1
  12.5	0
  13.5	2
  14.5	1
  15.5	0
  16.5	1
  17.5	1
  18.5	1
  19.5	1
  20.5	0
  21.5	0
  22.5	0
  23.5	2
  24.5	1
  25.5	1
  26.5	0
  27.5	0
  28.5	1
  29.5	1
  30.5	0
  31.5	0
  32.5	1
  33.5	1
  34.5	0
  35.5	1
  36.5	0
  37.5	0
  38.5	0
  39.5	0
  40.5	0
  41.5	0
  42.5	0
  43.5	0
DB 3 MOTIF	MA1286.1	TCP24
 -44.5	0
 -43.5	0
 -42.5	0
 -41.5	0
 -40.5	0
 -39.5	0
 -38.5	0
 -37.5	0
 -36.5	0
 -35.5	0
 -34.5	0
 -33.5	1
 -32.5	0
 -31.5	0
 -30.5	0
 -29.5	0
 -28.5	0
 -27.5	1
 -26.5	0
 -25.5	2
 -24.5	0
 -23.5	2
 -22.5	1
 -21.5	1
 -20.5	0
 -19.5	1
 -18.5	0
 -17.5	0
 -16.5	1
 -15.5	3
 -14.5	0
 -13.5	0
 -12.5	0
 -11.5	0
 -10.5	0
  -9.5	0
  -8.5	0
  -7.5	0
  -6.5	1
  -5.5	0
  -4.5	0
  -3.5	0
  -2.5	0
  -1.5	1
  -0.5	0
   0.5	3
   1.5	1
   2.5	1
   3.5	0
   4.5	0
   5.5	0
   6.5	1
   7.5	1
   8.5	0
   9.5	1
  10.5	1
  11.5	1
  12.5	1
  13.5	2
  14.5	0
  15.5	1
  16.5	0
  17.5	0
  18.5	1
  19.5	0
  20.5	0
  21.5	0
  22.5	0
  23.5	1
  24.5	1
  25.5	2
  26.5	0
  27.5	1
  28.5	0
  29.5	0
  30.5	0
  31.5	0
  32.5	0
  33.5	1
  34.5	0
  35.5	0
  36.5	0
  37.5	0
  38.5	0
  39.5	0
  40.5	0
  41.5	0
  42.5	0
  43.5	0
  44.5	0
DB 3 MOTIF	MA1362.1	bHLH77
 -43.0	0
 -42.0	0
 -41.0	0
 -40.0	1
 -39.0	0
 -38.0	0
 -37.0	0
 -36.0	0
 -35.0	0
 -34.0	0
 -33.0	0
 -32.0	0
 -31.0	0
 -30.0	0
 -29.0	0
 -28.0	0
 -27.0	1
 -26.0	0
 -25.0	0
 -24.0	2
 -23.0	2
 -22.0	0
 -21.0	0
 -20.0	1
 -19.0	0
 -18.0	0
 -17.0	1
 -16.0	1
 -15.0	1
 -14.0	0
 -13.0	1
 -12.0	0
 -11.0	2
 -10.0	0
  -9.0	0
  -8.0	0
  -7.0	1
  -6.0	2
  -5.0	0
  -4.0	0
  -3.0	0
  -2.0	1
  -1.0	0
   0.0	0
   1.0	0
   2.0	0
   3.0	0
   4.0	0
   5.0	0
   6.0	0
   7.0	2
   8.0	1
   9.0	0
  10.0	1
  11.0	0
  12.0	0
  13.0	3
  14.0	0
  15.0	1
  16.0	2
  17.0	0
  18.0	0
  19.0	0
  20.0	0
  21.0	0
  22.0	0
  23.0	0
  24.0	1
  25.0	0
  26.0	1
  27.0	0
  28.0	2
  29.0	0
  30.0	0
  31.0	0
  32.0	0
  33.0	0
  34.0	0
  35.0	0
  36.0	0
  37.0	0
  38.0	0
  39.0	0
  40.0	0
  41.0	0
  42.0	0
  43.0	0
DB 3 MOTIF	MA1367.1	AT1G76870
 -43.5	0
 -42.5	2
 -41.5	1
 -40.5	2
 -39.5	2
 -38.5	2
 -37.5	5
 -36.5	2
 -35.5	1
 -34.5	1
 -33.5	1
 -32.5	2
 -31.5	2
 -30.5	3
 -29.5	1
 -28.5	4
 -27.5	6
 -26.5	3
 -25.5	2
 -24.5	3
 -23.5	5
 -22.5	4
 -21.5	3
 -20.5	3
 -19.5	5
 -18.5	7
 -17.5	2
 -16.5	4
 -15.5	1
 -14.5	6
 -13.5	1
 -12.5	0
 -11.5	1
 -10.5	2
  -9.5	2
  -8.5	1
  -7.5	4
  -6.5	3
  -5.5	2
  -4.5	0
  -3.5	2
  -2.5	4
  -1.5	3
  -0.5	8
   0.5	4
   1.5	2
   2.5	2
   3.5	1
   4.5	6
   5.5	3
   6.5	3
   7.5	6
   8.5	2
   9.5	2
  10.5	4
  11.5	2
  12.5	2
  13.5	5
  14.5	2
  15.5	2
  16.5	3
  17.5	5
  18.5	3
  19.5	6
  20.5	1
  21.5	4
  22.5	2
  23.5	1
  24.5	2
  25.5	4
  26.5	5
  27.5	5
  28.5	3
  29.5	3
  30.5	1
  31.5	2
  32.5	5
  33.5	3
  34.5	0
  35.5	1
  36.5	2
  37.5	1
  38.5	1
  39.5	0
  40.5	1
  41.5	3
  42.5	0
  43.5	1
DB 3 MOTIF	MA1408.1	FaEOBII
 -45.5	3
 -44.5	2
 -43.5	0
 -42.5	1
 -41.5	1
 -40.5	5
 -39.5	5
 -38.5	1
 -37.5	3
 -36.5	1
 -35.5	1
 -34.5	1
 -33.5	2
 -32.5	2
 -31.5	2
 -30.5	1
 -29.5	3
 -28.5	1
 -27.5	3
 -26.5	3
 -25.5	4
 -24.5	2.5
 -23.5	3.5
 -22.5	6
 -21.5	2
 -20.5	5.5
 -19.5	6
 -18.5	1
 -17.5	0
 -16.5	3
 -15.5	5
 -14.5	2
 -13.5	3
 -12.5	1
 -11.5	4
 -10.5	5
  -9.5	5
  -8.5	2
  -7.5	6
  -6.5	1
  -5.5	4
  -4.5	0
  -3.5	0
  -2.5	7
  -1.5	3
  -0.5	4
   0.5	1
   1.5	2
   2.5	2
   3.5	5
   4.5	1
   5.5	2
   6.5	4
   7.5	3
   8.5	5
   9.5	4
  10.5	5
  11.5	2
  12.5	5.5
  13.5	4
  14.5	5
  15.5	2
  16.5	4
  17.5	2
  18.5	5
  19.5	5
  20.5	1
  21.5	2
  22.5	3
  23.5	2
  24.5	2
  25.5	4
  26.5	7
  27.5	4
  28.5	0
  29.5	1
  30.5	4
  31.5	3
  32.5	1
  33.5	0
  34.5	2
  35.5	1
  36.5	3
  37.5	2
  38.5	0
  39.5	1
  40.5	3
  41.5	4
  42.5	0
  43.5	2
  44.5	2
  45.5	6
DB 3 MOTIF	MA1412.1	TSAR2
 -45.5	0
 -44.5	0
 -43.5	1
 -42.5	0
 -41.5	0
 -40.5	0
 -39.5	1
 -38.5	0
 -37.5	0
 -36.5	0
 -35.5	0
 -34.5	0
 -33.5	1
 -32.5	0
 -31.5	0
 -30.5	2
 -29.5	3
 -28.5	0
 -27.5	1
 -26.5	0
 -25.5	1
 -24.5	0
 -23.5	2
 -22.5	2
 -21.5	1
 -20.5	0
 -19.5	1
 -18.5	0
 -17.5	1
 -16.5	0
 -15.5	1
 -14.5	1
 -13.5	2
 -12.5	2
 -11.5	0
 -10.5	0
  -9.5	2
  -8.5	2
  -7.5	1
  -6.5	2
  -5.5	0
  -4.5	3
  -3.5	2
  -2.5	0
  -1.5	0
  -0.5	0
   0.5	0
   1.5	0
   2.5	1
   3.5	1
   4.5	0
   5.5	0
   6.5	0
   7.5	1
   8.5	0
   9.5	0
  10.5	2
  11.5	2
  12.5	1
  13.5	0
  14.5	1
  15.5	2
  16.5	0
  17.5	3
  18.5	3
  19.5	0
  20.5	0
  21.5	0
  22.5	0
  23.5	3
  24.5	2
  25.5	0
  26.5	2
  27.5	1
  28.5	0
  29.5	0
  30.5	1
  31.5	1
  32.5	0
  33.5	0
  34.5	0
  35.5	1
  36.5	1
  37.5	0
  38.5	0
  39.5	0
  40.5	0
  41.5	0
  42.5	0
  43.5	0
  44.5	0
  45.5	0
DB 3 MOTIF	MA1414.1	E2FA
 -45.5	2
 -44.5	0
 -43.5	0
 -42.5	1
 -41.5	1
 -40.5	1
 -39.5	1
 -38.5	0
 -37.5	2
 -36.5	0
 -35.5	4
 -34.5	3
 -33.5	4
 -32.5	0
 -31.5	3
 -30.5	2
 -29.5	1
 -28.5	1
 -27.5	2
 -26.5	3
 -25.5	3
 -24.5	0
 -23.5	3
 -22.5	2
 -21.5	1
 -20.5	0
 -19.5	3
 -18.5	7
 -17.5	4
 -16.5	2
 -15.5	3
 -14.5	5
 -13.5	2
 -12.5	2
 -11.5	5
 -10.5	3
  -9.5	6
  -8.5	6
  -7.5	4
  -6.5	2
  -5.5	3
  -4.5	0
  -3.5	4
  -2.5	3
  -1.5	5
  -0.5	5
   0.5	5
   1.5	2
   2.5	3
   3.5	3
   4.5	1
   5.5	6
   6.5	2
   7.5	1
   8.5	9
   9.5	2
  10.5	4
  11.5	3
  12.5	1
  13.5	2
  14.5	3
  15.5	2
  16.5	0
  17.5	3
  18.5	1
  19.5	0
  20.5	3
  21.5	2
  22.5	1
  23.5	2
  24.5	2
  25.5	1
  26.5	3
  27.5	3
  28.5	4
  29.5	1
  30.5	2
  31.5	2
  32.5	4
  33.5	1
  34.5	3
  35.5	1
  36.5	1
  37.5	1
  38.5	2
  39.5	1
  40.5	0
  41.5	0
  42.5	1
  43.5	0
  44.5	1
  45.5	1
DB 3 MOTIF	MA1426.1	MYB124
 -45.5	3
 -44.5	1
 -43.5	2
 -42.5	2
 -41.5	3
 -40.5	2
 -39.5	2
 -38.5	1
 -37.5	0
 -36.5	2
 -35.5	3
 -34.5	1
 -33.5	7
 -32.5	2
 -31.5	2
 -30.5	3
 -29.5	3
 -28.5	5
 -27.5	2
 -26.5	2
 -25.5	4
 -24.5	3
 -23.5	2
 -22.5	2
 -21.5	3
 -20.5	3
 -19.5	1.5
 -18.5	2
 -17.5	5
 -16.5	4
 -15.5	3
 -14.5	4
 -13.5	5
 -12.5	2
 -11.5	4
 -10.5	7
  -9.5	8
  -8.5	8
  -7.5	7
  -6.5	7
  -5.5	5
  -4.5	8
  -3.5	8
  -2.5	7
  -1.5	3
  -0.5	3
   0.5	5
   1.5	8
   2.5	5
   3.5	3
   4.5	6
   5.5	2
   6.5	4
   7.5	1
   8.5	5
   9.5	4
  10.5	3
  11.5	6
  12.5	8.5
  13.5	3
  14.5	1.5
  15.5	5
  16.5	2
  17.5	4
  18.5	5
  19.5	5
  20.5	2
  21.5	5
  22.5	4
  23.5	4
  24.5	3
  25.5	3
  26.5	4
  27.5	4
  28.5	6
  29.5	5
  30.5	1
  31.5	2
  32.5	2.5
  33.5	4
  34.5	2
  35.5	1
  36.5	3
  37.5	3
  38.5	2
  39.5	0
  40.5	4
  41.5	1
  42.5	1
  43.5	1
  44.5	1
  45.5	1
DB 3 MOTIF	MA1448.1	fos-1
 -47.0	0
 -46.0	0
 -45.0	3
 -44.0	0
 -43.0	2
 -42.0	1
 -41.0	1
 -40.0	1
 -39.0	2
 -38.0	0
 -37.0	1
 -36.0	1
 -35.0	1
 -34.0	1
 -33.0	1
 -32.0	0
 -31.0	0
 -30.0	0
 -29.0	0
 -28.0	0
 -27.0	1
 -26.0	0
 -25.0	2
 -24.0	3
 -23.0	3
 -22.0	0
 -21.0	2
 -20.0	1
 -19.0	1
 -18.0	1
 -17.0	0
 -16.0	2
 -15.0	1
 -14.0	1
 -13.0	0
 -12.0	4
 -11.0	1
 -10.0	3
  -9.0	1
  -8.0	1
  -7.0	1
  -6.0	2
  -5.0	2
  -4.0	5
  -3.0	0
  -2.0	1
  -1.0	1
   0.0	2
   1.0	3
   2.0	5
   3.0	1
   4.0	1
   5.0	1
   6.0	6
   7.0	0
   8.0	3
   9.0	0
  10.0	2
  11.0	1
  12.0	3
  13.0	2
  14.0	1
  15.0	3
  16.0	1
  17.0	1
  18.0	1
  19.0	0
  20.0	2
  21.0	0
  22.0	2
  23.0	0
  24.0	0
  25.0	0
  26.0	4
  27.0	0
  28.0	0
  29.0	1
  30.0	2
  31.0	0
  32.0	0
  33.0	0
  34.0	0
  35.0	1
  36.0	1
  37.0	0
  38.0	1
  39.0	0
  40.0	1
  41.0	0
  42.0	1
  43.0	3
  44.0	1
  45.0	1
  46.0	1
  47.0	2
DB 3 MOTIF	MA1474.1	CREB3L4
 -44.5	0
 -43.5	0
 -42.5	2
 -41.5	0.5
 -40.5	0
 -39.5	1
 -38.5	1
 -37.5	0
 -36.5	0.5
 -35.5	1
 -34.5	0
 -33.5	1
 -32.5	3.5
 -31.5	1
 -30.5	1
 -29.5	3
 -28.5	3
 -27.5	1.5
 -26.5	3
 -25.5	2
 -24.5	2
 -23.5	0
 -22.5	2
 -21.5	1
 -20.5	2
 -19.5	2
 -18.5	0
 -17.5	0
 -16.5	5
 -15.5	1
 -14.5	3
 -13.5	3
 -12.5	1
 -11.5	2
 -10.5	3
  -9.5	2
  -8.5	2
  -7.5	3
  -6.5	0
  -5.5	1
  -4.5	2
  -3.5	2
  -2.5	2
  -1.5	0
  -0.5	5
   0.5	2
   1.5	3
   2.5	3
   3.5	1
   4.5	6
   5.5	1
   6.5	1
   7.5	1
   8.5	2
   9.5	1
  10.5	4
  11.5	1
  12.5	6
  13.5	3
  14.5	5
  15.5	2
  16.5	2
  17.5	4
  18.5	1
  19.5	2
  20.5	4
  21.5	1
  22.5	2
  23.5	2
  24.5	3
  25.5	0
  26.5	0
  27.5	1
  28.5	2
  29.5	0
  30.5	3
  31.5	2
  32.5	3
  33.5	0
  34.5	1
  35.5	3
  36.5	0
  37.5	1
  38.5	2
  39.5	1
  40.5	1
  41.5	2
  42.5	1
  43.5	2
  44.5	0
DB 3 MOTIF	MA1475.1	CREB3L4
 -44.5	0
 -43.5	0
 -42.5	1
 -41.5	0
 -40.5	1
 -39.5	1
 -38.5	2
 -37.5	0
 -36.5	0
 -35.5	0
 -34.5	1
 -33.5	0
 -32.5	2
 -31.5	1
 -30.5	1
 -29.5	0
 -28.5	1
 -27.5	1
 -26.5	1
 -25.5	0
 -24.5	2
 -23.5	0
 -22.5	1
 -21.5	2
 -20.5	2
 -19.5	0
 -18.5	1
 -17.5	0
 -16.5	2
 -15.5	1
 -14.5	3
 -13.5	1
 -12.5	0
 -11.5	1
 -10.5	3
  -9.5	2
  -8.5	2
  -7.5	0
  -6.5	1
  -5.5	0
  -4.5	1
  -3.5	3
  -2.5	4
  -1.5	0
  -0.5	2
   0.5	3
   1.5	2
   2.5	4
   3.5	1
   4.5	4
   5.5	1
   6.5	2
   7.5	1
   8.5	3
   9.5	4
  10.5	2
  11.5	2
  12.5	2
  13.5	1
  14.5	1
  15.5	1
  16.5	2
  17.5	2
  18.5	0
  19.5	2
  20.5	1
  21.5	0
  22.5	0
  23.5	1
  24.5	1
  25.5	1
  26.5	0
  27.5	2
  28.5	1
  29.5	0
  30.5	1
  31.5	2
  32.5	1
  33.5	0
  34.5	0
  35.5	2
  36.5	1
  37.5	0
  38.5	0
  39.5	0
  40.5	0
  41.5	1
  42.5	1
  43.5	2
  44.5	1
DB 3 MOTIF	MA1496.1	HOXA4
 -46.5	2
 -45.5	4
 -44.5	7
 -43.5	5
 -42.5	1
 -41.5	4
 -40.5	2
 -39.5	1
 -38.5	3
 -37.5	2
 -36.5	4
 -35.5	4
 -34.5	0
 -33.5	3
 -32.5	3
 -31.5	5
 -30.5	0
 -29.5	4
 -28.5	1
 -27.5	8
 -26.5	4
 -25.5	4
 -24.5	4
 -23.5	3
 -22.5	1
 -21.5	2
 -20.5	6
 -19.5	10
 -18.5	7
 -17.5	6
 -16.5	4
 -15.5	3
 -14.5	2
 -13.5	6
 -12.5	5
 -11.5	5
 -10.5	7
  -9.5	4
  -8.5	2
  -7.5	3
  -6.5	5
  -5.5	6
  -4.5	4
  -3.5	5
  -2.5	7
  -1.5	5
  -0.5	3
   0.5	4
   1.5	7
   2.5	4
   3.5	11
   4.5	5
   5.5	5
   6.5	2
   7.5	10
   8.5	7
   9.5	6
  10.5	7
  11.5	7
  12.5	5
  13.5	7
  14.5	5
  15.5	3
  16.5	4
  17.5	3
  18.5	8
  19.5	4
  20.5	9
  21.5	1
  22.5	2
  23.5	4
  24.5	2
  25.5	4
  26.5	3
  27.5	2
  28.5	6
  29.5	6
  30.5	2
  31.5	2
  32.5	1
  33.5	2
  34.5	2
  35.5	3
  36.5	4
  37.5	5
  38.5	2
  39.5	6
  40.5	3
  41.5	4
  42.5	4
  43.5	4
  44.5	3
  45.5	3
  46.5	2
DB 3 MOTIF	MA1497.1	HOXA6
 -45.5	5
 -44.5	2
 -43.5	2
 -42.5	0
 -41.5	3
 -40.5	9
 -39.5	2
 -38.5	5
 -37.5	4
 -36.5	7
 -35.5	5
 -34.5	1
 -33.5	2
 -32.5	2
 -31.5	3
 -30.5	3
 -29.5	3
 -28.5	2
 -27.5	3
 -26.5	2
 -25.5	5
 -24.5	3
 -23.5	4
 -22.5	3
 -21.5	3
 -20.5	4
 -19.5	8
 -18.5	6
 -17.5	7
 -16.5	6
 -15.5	2
 -14.5	6
 -13.5	8
 -12.5	5
 -11.5	3
 -10.5	9
  -9.5	4
  -8.5	0
  -7.5	3
  -6.5	10
  -5.5	8
  -4.5	6
  -3.5	7
  -2.5	9
  -1.5	7
  -0.5	2
   0.5	5
   1.5	7
   2.5	2
   3.5	5
   4.5	6
   5.5	5
   6.5	2
   7.5	7
   8.5	12
   9.5	3
  10.5	7
  11.5	4
  12.5	1
  13.5	6
  14.5	6
  15.5	6
  16.5	8
  17.5	5
  18.5	8
  19.5	5
  20.5	6
  21.5	1
  22.5	0
  23.5	5
  24.5	1
  25.5	3
  26.5	6
  27.5	3
  28.5	3
  29.5	6
  30.5	3
  31.5	3
  32.5	2
  33.5	2
  34.5	0
  35.5	0
  36.5	3
  37.5	3
  38.5	2
  39.5	7
  40.5	4
  41.5	5
  42.5	8
  43.5	3
  44.5	5
  45.5	3
DB 3 MOTIF	MA1500.1	HOXB6
 -46.5	1
 -45.5	5
 -44.5	4
 -43.5	1
 -42.5	2
 -41.5	1
 -40.5	5
 -39.5	1
 -38.5	4
 -37.5	3
 -36.5	8
 -35.5	4
 -34.5	1
 -33.5	1
 -32.5	2
 -31.5	5
 -30.5	3
 -29.5	4
 -28.5	2
 -27.5	5
 -26.5	2
 -25.5	5
 -24.5	1
 -23.5	3
 -22.5	4
 -21.5	4
 -20.5	5
 -19.5	8
 -18.5	7
 -17.5	7
 -16.5	4
 -15.5	2
 -14.5	3
 -13.5	5
 -12.5	5
 -11.5	5
 -10.5	9
  -9.5	5
  -8.5	1
  -7.5	3
  -6.5	6
  -5.5	7
  -4.5	5
  -3.5	6
  -2.5	6
  -1.5	6
  -0.5	4
   0.5	3
   1.5	7
   2.5	6
   3.5	8
   4.5	6
   5.5	4
   6.5	2.5
   7.5	8
   8.5	12
   9.5	4
  10.5	6
  11.5	6
  12.5	1
  13.5	5.5
  14.5	5
  15.5	6
  16.5	5
  17.5	4
  18.5	7
  19.5	6
  20.5	7
  21.5	1
  22.5	1
  23.5	4
  24.5	1
  25.5	2
  26.5	2
  27.5	4
  28.5	4
  29.5	5
  30.5	2
  31.5	2
  32.5	1
  33.5	5
  34.5	2
  35.5	1
  36.5	4
  37.5	2
  38.5	2
  39.5	10
  40.5	4
  41.5	5
  42.5	10
  43.5	2
  44.5	4
  45.5	3
  46.5	1
DB 3 MOTIF	MA1554.1	RFX7
 -46.0	2
 -45.0	0
 -44.0	1
 -43.0	2
 -42.0	3
 -41.0	4
 -40.0	0
 -39.0	3
 -38.0	2
 -37.0	2
 -36.0	1
 -35.0	2
 -34.0	2
 -33.0	3
 -32.0	5
 -31.0	2
 -30.0	1
 -29.0	6
 -28.0	0
 -27.0	6
 -26.0	3
 -25.0	3
 -24.0	1
 -23.0	3
 -22.0	4
 -21.0	3
 -20.0	3
 -19.0	1
 -18.0	1
 -17.0	2
 -16.0	4
 -15.0	5
 -14.0	7
 -13.0	6
 -12.0	7
 -11.0	6
 -10.0	6
  -9.0	4
  -8.0	7
  -7.0	6
  -6.0	5
  -5.0	2.5
  -4.0	2
  -3.0	3
  -2.0	11
  -1.0	1
   0.0	3
   1.0	7
   2.0	4
   3.0	2
   4.0	4
   5.0	4
   6.0	2
   7.0	3
   8.0	3
   9.0	4
  10.0	5
  11.0	4
  12.0	2
  13.0	2
  14.0	7
  15.0	3
  16.0	6
  17.0	6
  18.0	2
  19.0	6
  20.0	3
  21.0	6
  22.0	1
  23.0	3
  24.0	2
  25.0	2
  26.0	4
  27.0	2
  28.0	2
  29.0	1
  30.0	5
  31.0	3.5
  32.0	2
  33.0	2
  34.0	4
  35.0	1
  36.0	6
  37.0	2
  38.0	2
  39.0	5
  40.0	2
  41.0	5
  42.0	5
  43.0	2
  44.0	3
  45.0	2
  46.0	2
DB 3 MOTIF	MA0462.2	BATF::JUN
 -45.0	3
 -44.0	0
 -43.0	1
 -42.0	1
 -41.0	1
 -40.0	1
 -39.0	2
 -38.0	0
 -37.0	1
 -36.0	1
 -35.0	1
 -34.0	0
 -33.0	1
 -32.0	0
 -31.0	0
 -30.0	0
 -29.0	0
 -28.0	0
 -27.0	1
 -26.0	0
 -25.0	3
 -24.0	3
 -23.0	3
 -22.0	0
 -21.0	1
 -20.0	1
 -19.0	1
 -18.0	1
 -17.0	0
 -16.0	2
 -15.0	2
 -14.0	1
 -13.0	0
 -12.0	4
 -11.0	1
 -10.0	2
  -9.0	2
  -8.0	1
  -7.0	1
  -6.0	3
  -5.0	2
  -4.0	4
  -3.0	0
  -2.0	2
  -1.0	2
   0.0	2
   1.0	4
   2.0	5
   3.0	1
   4.0	1
   5.0	1
   6.0	4
   7.0	0
   8.0	3
   9.0	0
  10.0	4
  11.0	1
  12.0	2
  13.0	2
  14.0	2
  15.0	3
  16.0	1
  17.0	0
  18.0	0
  19.0	0
  20.0	2
  21.0	0
  22.0	2
  23.0	0
  24.0	2
  25.0	0
  26.0	4
  27.0	0
  28.0	0
  29.0	0
  30.0	3
  31.0	0
  32.0	1
  33.0	2
  34.0	0
  35.0	1
  36.0	1
  37.0	0
  38.0	1
  39.0	0
  40.0	1
  41.0	0
  42.0	1
  43.0	3
  44.0	1
  45.0	1
DB 3 MOTIF	MA0864.2	E2F2
 -42.5	0
 -41.5	0
 -40.5	0
 -39.5	0
 -38.5	1
 -37.5	0
 -36.5	1
 -35.5	1
 -34.5	2
 -33.5	0
 -32.5	2
 -31.5	0
 -30.5	3
 -29.5	0
 -28.5	2
 -27.5	0
 -26.5	1
 -25.5	0
 -24.5	2
 -23.5	0
 -22.5	1
 -21.5	1
 -20.5	1
 -19.5	2
 -18.5	0
 -17.5	2
 -16.5	5
 -15.5	3
 -14.5	1
 -13.5	1
 -12.5	2
 -11.5	1
 -10.5	2
  -9.5	1
  -8.5	4
  -7.5	5
  -6.5	2
  -5.5	1
  -4.5	7
  -3.5	2
  -2.5	2
  -1.5	2
  -0.5	1
   0.5	3
   1.5	5
   2.5	1
   3.5	2
   4.5	1
   5.5	0
   6.5	1
   7.5	1
   8.5	1
   9.5	4
  10.5	0
  11.5	5
  12.5	2
  13.5	2
  14.5	1
  15.5	1
  16.5	1
  17.5	2
  18.5	2
  19.5	1
  20.5	1
  21.5	2
  22.5	0
  23.5	0
  24.5	2
  25.5	2
  26.5	1
  27.5	1
  28.5	2
  29.5	2
  30.5	2
  31.5	1
  32.5	1
  33.5	0
  34.5	2
  35.5	1
  36.5	1
  37.5	0
  38.5	0
  39.5	1
  40.5	0
  41.5	1
  42.5	0
DB 3 MOTIF	MA0616.2	HES2
 -45.5	0
 -44.5	0
 -43.5	0
 -42.5	0
 -41.5	0
 -40.5	1
 -39.5	0
 -38.5	0
 -37.5	0
 -36.5	0
 -35.5	1
 -34.5	0
 -33.5	0
 -32.5	1
 -31.5	0
 -30.5	2
 -29.5	1
 -28.5	0
 -27.5	2
 -26.5	2
 -25.5	1
 -24.5	1
 -23.5	2
 -22.5	1
 -21.5	0
 -20.5	1
 -19.5	1
 -18.5	0
 -17.5	0
 -16.5	0
 -15.5	1
 -14.5	0
 -13.5	2
 -12.5	1
 -11.5	2
 -10.5	0
  -9.5	1
  -8.5	2
  -7.5	2
  -6.5	0
  -5.5	0
  -4.5	2
  -3.5	2
  -2.5	0
  -1.5	1
  -0.5	1
   0.5	0
   1.5	1
   2.5	1
   3.5	0
   4.5	3
   5.5	0
   6.5	0
   7.5	0
   8.5	0
   9.5	1
  10.5	2
  11.5	0
  12.5	1
  13.5	0
  14.5	2
  15.5	3
  16.5	0
  17.5	1
  18.5	2
  19.5	0
  20.5	0
  21.5	0
  22.5	1
  23.5	0
  24.5	1
  25.5	1
  26.5	0
  27.5	0
  28.5	1
  29.5	0
  30.5	2
  31.5	1
  32.5	1
  33.5	0
  34.5	1
  35.5	0
  36.5	0
  37.5	0
  38.5	1
  39.5	1
  40.5	0
  41.5	0
  42.5	0
  43.5	0
  44.5	0
  45.5	0
DB 3 MOTIF	MA1634.1	BATF
 -45.0	3
 -44.0	0
 -43.0	1
 -42.0	1
 -41.0	2
 -40.0	1
 -39.0	2
 -38.0	0
 -37.0	1
 -36.0	1
 -35.0	1
 -34.0	1
 -33.0	1
 -32.0	0
 -31.0	0
 -30.0	0
 -29.0	0
 -28.0	0
 -27.0	1
 -26.0	0
 -25.0	3
 -24.0	3
 -23.0	3
 -22.0	0
 -21.0	1
 -20.0	1
 -19.0	1
 -18.0	1
 -17.0	0
 -16.0	2
 -15.0	2
 -14.0	1
 -13.0	0
 -12.0	4
 -11.0	1
 -10.0	2
  -9.0	2
  -8.0	1
  -7.0	1
  -6.0	3
  -5.0	2
  -4.0	4
  -3.0	0
  -2.0	2
  -1.0	3
   0.0	3
   1.0	4
   2.0	5
   3.0	1
   4.0	1
   5.0	1
   6.0	4
   7.0	0
   8.0	3
   9.0	1
  10.0	4
  11.0	1
  12.0	2
  13.0	2
  14.0	2
  15.0	3
  16.0	1
  17.0	1
  18.0	0
  19.0	0
  20.0	2
  21.0	0
  22.0	2
  23.0	0
  24.0	2
  25.0	0
  26.0	4
  27.0	0
  28.0	0
  29.0	0
  30.0	3
  31.0	0
  32.0	1
  33.0	2
  34.0	0
  35.0	1
  36.0	2
  37.0	0
  38.0	1
  39.0	0
  40.0	1
  41.0	0
  42.0	1
  43.0	3
  44.0	1
  45.0	1
DB 3 MOTIF	MA1646.1	OSR2
 -44.5	2
 -43.5	1
 -42.5	1
 -41.5	1
 -40.5	2
 -39.5	1
 -38.5	2
 -37.5	4
 -36.5	3
 -35.5	3
 -34.5	4
 -33.5	2
 -32.5	3
 -31.5	3
 -30.5	3
 -29.5	3
 -28.5	1
 -27.5	4
 -26.5	2
 -25.5	6
 -24.5	3
 -23.5	0
 -22.5	3
 -21.5	4
 -20.5	2
 -19.5	3
 -18.5	5
 -17.5	3
 -16.5	2
 -15.5	3
 -14.5	2
 -13.5	3
 -12.5	4
 -11.5	4
 -10.5	2
  -9.5	3
  -8.5	4
  -7.5	8
  -6.5	4
  -5.5	5
  -4.5	3
  -3.5	3
  -2.5	6
  -1.5	3
  -0.5	4
   0.5	4
   1.5	9
   2.5	1
   3.5	7
   4.5	8
   5.5	5
   6.5	5
   7.5	5
   8.5	4
   9.5	4
  10.5	2
  11.5	0
  12.5	3
  13.5	5
  14.5	1
  15.5	9
  16.5	1
  17.5	6
  18.5	1
  19.5	0
  20.5	5
  21.5	0
  22.5	7
  23.5	1
  24.5	8
  25.5	4
  26.5	1
  27.5	1
  28.5	2
  29.5	0
  30.5	0
  31.5	2
  32.5	1
  33.5	2
  34.5	1
  35.5	0
  36.5	4
  37.5	2
  38.5	4
  39.5	3
  40.5	2
  41.5	1
  42.5	3
  43.5	2
  44.5	1
DB 3 MOTIF	MA1669.1	DREB1B
 -43.5	0
 -42.5	0
 -41.5	0
 -40.5	1
 -39.5	0
 -38.5	0
 -37.5	1
 -36.5	0
 -35.5	0
 -34.5	1
 -33.5	1
 -32.5	0
 -31.5	0
 -30.5	0
 -29.5	3
 -28.5	1
 -27.5	0
 -26.5	0
 -25.5	1
 -24.5	0
 -23.5	0
 -22.5	2
 -21.5	2
 -20.5	2
 -19.5	0
 -18.5	1
 -17.5	1
 -16.5	1
 -15.5	0
 -14.5	1
 -13.5	0
 -12.5	0
 -11.5	0
 -10.5	2
  -9.5	1
  -8.5	4
  -7.5	0
  -6.5	0
  -5.5	2
  -4.5	2
  -3.5	1
  -2.5	0
  -1.5	1
  -0.5	2
   0.5	1
   1.5	2
   2.5	1
   3.5	2
   4.5	4
   5.5	2
   6.5	1
   7.5	4
   8.5	0
   9.5	3
  10.5	0
  11.5	1
  12.5	1
  13.5	2
  14.5	0
  15.5	0
  16.5	0
  17.5	1
  18.5	0
  19.5	0
  20.5	1
  21.5	1
  22.5	0
  23.5	0
  24.5	1
  25.5	2
  26.5	1
  27.5	1
  28.5	0
  29.5	0
  30.5	2
  31.5	1
  32.5	0
  33.5	0
  34.5	2
  35.5	1
  36.5	0
  37.5	0
  38.5	1
  39.5	0
  40.5	1
  41.5	0
  42.5	1
  43.5	0
DB 3 MOTIF	MA0835.2	BATF3
 -45.0	3
 -44.0	0
 -43.0	1
 -42.0	1
 -41.0	1
 -40.0	1
 -39.0	2
 -38.0	0
 -37.0	1
 -36.0	1
 -35.0	1
 -34.0	1
 -33.0	1
 -32.0	0
 -31.0	0
 -30.0	0
 -29.0	0
 -28.0	0
 -27.0	1
 -26.0	0
 -25.0	3
 -24.0	2
 -23.0	3
 -22.0	0
 -21.0	1
 -20.0	1
 -19.0	1
 -18.0	1
 -17.0	0
 -16.0	2
 -15.0	2
 -14.0	1
 -13.0	0
 -12.0	4
 -11.0	0
 -10.0	2
  -9.0	2
  -8.0	1
  -7.0	1
  -6.0	3
  -5.0	2
  -4.0	5
  -3.0	0
  -2.0	2
  -1.0	3
   0.0	1
   1.0	4
   2.0	5
   3.0	1
   4.0	1
   5.0	1
   6.0	4
   7.0	0
   8.0	2
   9.0	0
  10.0	3
  11.0	1
  12.0	2
  13.0	2
  14.0	2
  15.0	4
  16.0	1
  17.0	0
  18.0	0
  19.0	0
  20.0	2
  21.0	0
  22.0	2
  23.0	0
  24.0	2
  25.0	0
  26.0	4
  27.0	0
  28.0	0
  29.0	1
  30.0	3
  31.0	0
  32.0	1
  33.0	2
  34.0	0
  35.0	1
  36.0	1
  37.0	0
  38.0	1
  39.0	0
  40.0	1
  41.0	0
  42.0	1
  43.0	3
  44.0	1
  45.0	1
DB 3 MOTIF	MA0620.3	MITF
 -41.5	0
 -40.5	0
 -39.5	0
 -38.5	0
 -37.5	0
 -36.5	0
 -35.5	0
 -34.5	0
 -33.5	0
 -32.5	1
 -31.5	0
 -30.5	0
 -29.5	2
 -28.5	0
 -27.5	0
 -26.5	1
 -25.5	2
 -24.5	1
 -23.5	0
 -22.5	1
 -21.5	0
 -20.5	1
 -19.5	1
 -18.5	1
 -17.5	0
 -16.5	2
 -15.5	1
 -14.5	0
 -13.5	2
 -12.5	1
 -11.5	1
 -10.5	2
  -9.5	0
  -8.5	3
  -7.5	0
  -6.5	0
  -5.5	0
  -4.5	2
  -3.5	1
  -2.5	1
  -1.5	0
  -0.5	1
   0.5	1
   1.5	1
   2.5	0
   3.5	1
   4.5	1
   5.5	0
   6.5	1
   7.5	2
   8.5	1
   9.5	0
  10.5	2
  11.5	0
  12.5	2
  13.5	1
  14.5	0
  15.5	2
  16.5	1
  17.5	0
  18.5	2
  19.5	0
  20.5	1
  21.5	0
  22.5	1
  23.5	0
  24.5	0
  25.5	0
  26.5	0
  27.5	1
  28.5	1
  29.5	0
  30.5	2
  31.5	1
  32.5	0
  33.5	0
  34.5	0
  35.5	1
  36.5	0
  37.5	0
  38.5	0
  39.5	0
  40.5	0
  41.5	0
DB 3 MOTIF	MA0502.2	NFYB
 -44.5	0
 -43.5	3
 -42.5	2
 -41.5	1
 -40.5	1
 -39.5	1
 -38.5	0
 -37.5	1
 -36.5	1
 -35.5	1
 -34.5	1
 -33.5	3
 -32.5	1
 -31.5	6
 -30.5	3
 -29.5	4
 -28.5	0
 -27.5	1
 -26.5	3
 -25.5	2
 -24.5	2
 -23.5	2
 -22.5	3
 -21.5	5
 -20.5	2
 -19.5	8
 -18.5	0
 -17.5	5
 -16.5	0
 -15.5	0
 -14.5	2
 -13.5	2
 -12.5	2
 -11.5	3
 -10.5	3
  -9.5	1
  -8.5	2
  -7.5	1
  -6.5	0
  -5.5	3
  -4.5	2
  -3.5	6
  -2.5	1
  -1.5	1
  -0.5	5
   0.5	0
   1.5	2
   2.5	2
   3.5	1
   4.5	1
   5.5	1
   6.5	4
   7.5	4
   8.5	2
   9.5	5
  10.5	2
  11.5	4
  12.5	4
  13.5	2
  14.5	1
  15.5	2
  16.5	3
  17.5	3
  18.5	2
  19.5	0
  20.5	0
  21.5	2
  22.5	4
  23.5	0
  24.5	1
  25.5	1
  26.5	2
  27.5	2
  28.5	2
  29.5	4
  30.5	1
  31.5	0
  32.5	0
  33.5	2
  34.5	0
  35.5	2
  36.5	1
  37.5	2
  38.5	1
  39.5	1
  40.5	2
  41.5	0
  42.5	0
  43.5	0
  44.5	0
DB 3 MOTIF	MA1736.1	AT5G04390
 -45.0	2
 -44.0	5
 -43.0	4
 -42.0	1
 -41.0	3
 -40.0	1
 -39.0	4
 -38.0	4
 -37.0	4
 -36.0	2
 -35.0	1
 -34.0	4
 -33.0	6
 -32.0	2
 -31.0	1
 -30.0	3
 -29.0	6
 -28.0	2
 -27.0	2
 -26.0	4
 -25.0	3
 -24.0	3
 -23.0	6
 -22.0	5
 -21.0	3
 -20.0	7
 -19.0	7
 -18.0	2
 -17.0	3
 -16.0	8
 -15.0	5
 -14.0	4
 -13.0	4
 -12.0	6
 -11.0	6
 -10.0	2
  -9.0	6
  -8.0	4
  -7.0	2
  -6.0	3
  -5.0	6
  -4.0	1
  -3.0	2
  -2.0	7.5
  -1.0	6
   0.0	8
   1.0	5
   2.0	4
   3.0	3
   4.0	4
   5.0	3
   6.0	6.5
   7.0	6
   8.0	7
   9.0	8
  10.0	10
  11.0	4
  12.0	4
  13.0	4
  14.0	5
  15.0	6
  16.0	4
  17.0	5
  18.0	4
  19.0	4.5
  20.0	3
  21.0	3
  22.0	4
  23.0	5
  24.0	1
  25.0	9
  26.0	3
  27.0	3.5
  28.0	9
  29.0	6
  30.0	5
  31.0	4
  32.0	2
  33.0	3
  34.0	3
  35.0	3
  36.0	4
  37.0	1
  38.0	3
  39.0	5
  40.0	3
  41.0	0
  42.0	1
  43.0	2
  44.0	3
  45.0	4
DB 3 MOTIF	MA1809.1	GLYMA-07G038400
 -45.0	1
 -44.0	1
 -43.0	0
 -42.0	1
 -41.0	1
 -40.0	0
 -39.0	1
 -38.0	3
 -37.0	2
 -36.0	1
 -35.0	2
 -34.0	0
 -33.0	3
 -32.0	0
 -31.0	1
 -30.0	4
 -29.0	3
 -28.0	0
 -27.0	2
 -26.0	2
 -25.0	2
 -24.0	4
 -23.0	1
 -22.0	1
 -21.0	0
 -20.0	1
 -19.0	1
 -18.0	2
 -17.0	4
 -16.0	4
 -15.0	0
 -14.0	3
 -13.0	3
 -12.0	5
 -11.0	1
 -10.0	4
  -9.0	3
  -8.0	3
  -7.0	3
  -6.0	4
  -5.0	4
  -4.0	2
  -3.0	4
  -2.0	1
  -1.0	5
   0.0	4
   1.0	2
   2.0	2
   3.0	2
   4.0	1
   5.0	3
   6.0	2
   7.0	2
   8.0	3
   9.0	4
  10.0	5
  11.0	2
  12.0	1
  13.0	2
  14.0	5
  15.0	0
  16.0	3
  17.0	4
  18.0	1
  19.0	3
  20.0	3
  21.0	3
  22.0	5
  23.0	3
  24.0	1
  25.0	1
  26.0	3
  27.0	3
  28.0	0
  29.0	3
  30.0	3
  31.0	4
  32.0	0
  33.0	0
  34.0	2
  35.0	1
  36.0	1
  37.0	1
  38.0	1
  39.0	0
  40.0	0
  41.0	1
  42.0	0
  43.0	4
  44.0	1
  45.0	4
DB 3 MOTIF	MA1828.1	Zm00001d038683
 -44.5	0
 -43.5	1
 -42.5	3
 -41.5	0
 -40.5	0
 -39.5	1
 -38.5	0
 -37.5	1
 -36.5	3
 -35.5	1
 -34.5	2
 -33.5	1
 -32.5	3
 -31.5	2
 -30.5	2
 -29.5	2
 -28.5	3
 -27.5	0
 -26.5	2
 -25.5	3
 -24.5	2
 -23.5	6
 -22.5	3
 -21.5	2
 -20.5	2
 -19.5	0
 -18.5	1
 -17.5	2
 -16.5	4
 -15.5	0
 -14.5	1
 -13.5	1
 -12.5	2
 -11.5	0
 -10.5	2
  -9.5	1
  -8.5	4
  -7.5	4
  -6.5	1
  -5.5	0
  -4.5	1
  -3.5	1
  -2.5	1
  -1.5	2
  -0.5	4
   0.5	2
   1.5	1
   2.5	3
   3.5	1
   4.5	2
   5.5	1
   6.5	5
   7.5	2
   8.5	5
   9.5	5
  10.5	1
  11.5	0
  12.5	3
  13.5	0
  14.5	4
  15.5	1
  16.5	0
  17.5	3
  18.5	2
  19.5	0
  20.5	2
  21.5	0
  22.5	0
  23.5	3
  24.5	4
  25.5	2
  26.5	2
  27.5	4
  28.5	0
  29.5	1
  30.5	1
  31.5	3
  32.5	1
  33.5	1
  34.5	0
  35.5	2
  36.5	2
  37.5	1
  38.5	1
  39.5	0
  40.5	0
  41.5	0
  42.5	1
  43.5	0
  44.5	1
DB 3 MOTIF	MA1831.1	Zm00001d031796
 -44.5	0
 -43.5	0
 -42.5	0
 -41.5	2
 -40.5	2
 -39.5	0
 -38.5	0
 -37.5	1
 -36.5	1
 -35.5	1
 -34.5	1
 -33.5	1
 -32.5	1
 -31.5	1
 -30.5	0
 -29.5	0
 -28.5	0
 -27.5	0
 -26.5	0
 -25.5	0
 -24.5	1
 -23.5	1
 -22.5	2
 -21.5	2
 -20.5	2
 -19.5	0
 -18.5	0
 -17.5	3
 -16.5	1
 -15.5	0
 -14.5	5
 -13.5	3
 -12.5	3
 -11.5	6
 -10.5	1
  -9.5	4
  -8.5	4
  -7.5	1
  -6.5	1
  -5.5	3
  -4.5	0
  -3.5	1
  -2.5	1
  -1.5	4
  -0.5	1
   0.5	3
   1.5	1
   2.5	2
   3.5	4
   4.5	3
   5.5	1
   6.5	3
   7.5	5
   8.5	1
   9.5	2
  10.5	1
  11.5	2
  12.5	0
  13.5	1
  14.5	4
  15.5	1
  16.5	2
  17.5	2
  18.5	1
  19.5	3
  20.5	3
  21.5	2
  22.5	0
  23.5	0
  24.5	1
  25.5	5
  26.5	2
  27.5	0
  28.5	1
  29.5	0
  30.5	1
  31.5	0
  32.5	0
  33.5	1
  34.5	0
  35.5	0
  36.5	1
  37.5	1
  38.5	0
  39.5	0
  40.5	1
  41.5	2
  42.5	1
  43.5	3
  44.5	3
DB 3 MOTIF	MA1834.1	Zm00001d034298
 -45.0	0
 -44.0	3
 -43.0	2
 -42.0	1.5
 -41.0	1
 -40.0	2
 -39.0	1
 -38.0	2
 -37.0	1.5
 -36.0	1
 -35.0	4.25
 -34.0	1
 -33.0	3
 -32.0	6
 -31.0	1
 -30.0	2
 -29.0	1
 -28.0	3.5
 -27.0	6
 -26.0	6
 -25.0	4
 -24.0	1
 -23.0	8
 -22.0	4
 -21.0	0
 -20.0	1
 -19.0	4
 -18.0	1
 -17.0	4
 -16.0	2
 -15.0	6
 -14.0	5
 -13.0	4
 -12.0	9
 -11.0	3
 -10.0	1
  -9.0	2
  -8.0	3
  -7.0	3
  -6.0	2
  -5.0	5
  -4.0	2
  -3.0	3
  -2.0	4
  -1.0	1
   0.0	2.5
   1.0	2
   2.0	3
   3.0	4.25
   4.0	4.5
   5.0	4
   6.0	4
   7.0	1
   8.0	2
   9.0	3
  10.0	5
  11.0	1
  12.0	3
  13.0	5
  14.0	10
  15.0	7
  16.0	1
  17.0	0
  18.0	7.25
  19.0	5
  20.0	1
  21.0	2
  22.0	3
  23.0	5
  24.0	5
  25.0	3
  26.0	1
  27.0	2
  28.0	4
  29.0	2
  30.0	2
  31.0	7
  32.0	0
  33.0	4.25
  34.0	1
  35.0	7
  36.0	6
  37.0	1
  38.0	0
  39.0	4
  40.0	4
  41.0	0.5
  42.0	3
  43.0	1
  44.0	0
  45.0	3
DB 3 MOTIF	MA1839.1	GATAd
 -45.0	1
 -44.0	6
 -43.0	2
 -42.0	1
 -41.0	1
 -40.0	0
 -39.0	4
 -38.0	5
 -37.0	4
 -36.0	1
 -35.0	6
 -34.0	3
 -33.0	3
 -32.0	3
 -31.0	2
 -30.0	0
 -29.0	1
 -28.0	2
 -27.0	4
 -26.0	4
 -25.0	4
 -24.0	5
 -23.0	6
 -22.0	4
 -21.0	4
 -20.0	5
 -19.0	1
 -18.0	6
 -17.0	3
 -16.0	6
 -15.0	2
 -14.0	8
 -13.0	4
 -12.0	3
 -11.0	1
 -10.0	4
  -9.0	3
  -8.0	5
  -7.0	0
  -6.0	4
  -5.0	3
  -4.0	5
  -3.0	4
  -2.0	5
  -1.0	2
   0.0	7
   1.0	4
   2.0	6
   3.0	4
   4.0	3
   5.0	8
   6.0	4
   7.0	6
   8.0	9
   9.0	3
  10.0	3
  11.0	5
  12.0	2
  13.0	2
  14.0	4
  15.0	4
  16.0	11
  17.0	3
  18.0	3
  19.0	2
  20.0	9
  21.0	4
  22.0	1
  23.0	2
  24.0	1
  25.0	3
  26.0	1
  27.0	5
  28.0	3
  29.0	1
  30.0	2
  31.0	3
  32.0	2
  33.0	3
  34.0	3
  35.0	2
  36.0	5
  37.0	2
  38.0	2
  39.0	2
  40.0	2
  41.0	3
  42.0	2
  43.0	2
  44.0	0
  45.0	7
DB 3 MOTIF	MA1878.1	Hes-c
 -39.5	3
 -38.5	0
 -37.5	1
 -36.5	2
 -35.5	3
 -34.5	2
 -33.5	2
 -32.5	0
 -31.5	1
 -30.5	3
 -29.5	3
 -28.5	5
 -27.5	4
 -26.5	5.33333
 -25.5	1
 -24.5	1
 -23.5	3
 -22.5	3
 -21.5	3
 -20.5	3
 -19.5	0
 -18.5	1
 -17.5	2.5
 -16.5	3
 -15.5	3
 -14.5	5
 -13.5	4
 -12.5	3
 -11.5	3
 -10.5	6
  -9.5	4
  -8.5	4
  -7.5	3
  -6.5	6
  -5.5	2
  -4.5	6.5
  -3.5	6
  -2.5	5.5
  -1.5	3
  -0.5	2
   0.5	1
   1.5	8
   2.5	3
   3.5	3
   4.5	3
   5.5	4
   6.5	1
   7.5	1
   8.5	3
   9.5	1
  10.5	1
  11.5	4
  12.5	7
  13.5	3
  14.5	0
  15.5	4.33333
  16.5	4
  17.5	3
  18.5	3
  19.5	4
  20.5	2
  21.5	2
  22.5	4
  23.5	2
  24.5	2
  25.5	5
  26.5	5
  27.5	1
  28.5	3.33333
  29.5	2
  30.5	1
  31.5	5
  32.5	2
  33.5	1
  34.5	1
  35.5	0
  36.5	3
  37.5	3.5
  38.5	0
  39.5	0
DB 3 MOTIF	MA1893.1	Klf6-7-like
 -40.5	0
 -39.5	0
 -38.5	1
 -37.5	0
 -36.5	0
 -35.5	1
 -34.5	1
 -33.5	0
 -32.5	0
 -31.5	0
 -30.5	3
 -29.5	0
 -28.5	0
 -27.5	1
 -26.5	3
 -25.5	1
 -24.5	0
 -23.5	0
 -22.5	3
 -21.5	0.5
 -20.5	2
 -19.5	0
 -18.5	1
 -17.5	0
 -16.5	0
 -15.5	1
 -14.5	1
 -13.5	1
 -12.5	1
 -11.5	1
 -10.5	2
  -9.5	1
  -8.5	3
  -7.5	2
  -6.5	1
  -5.5	2
  -4.5	2.5
  -3.5	2
  -2.5	7
  -1.5	1
  -0.5	3
   0.5	1
   1.5	0
   2.5	0
   3.5	1
   4.5	1
   5.5	2
   6.5	3
   7.5	4
   8.5	2
   9.5	0
  10.5	2
  11.5	2
  12.5	2
  13.5	0
  14.5	0
  15.5	3
  16.5	1
  17.5	0
  18.5	0
  19.5	1
  20.5	0
  21.5	0
  22.5	0
  23.5	2
  24.5	1
  25.5	2
  26.5	2
  27.5	1
  28.5	2
  29.5	0
  30.5	0
  31.5	2
  32.5	2
  33.5	1
  34.5	0
  35.5	1
  36.5	1
  37.5	1
  38.5	0
  39.5	0
  40.5	0
DB 3 MOTIF	MA1906.1	Noto
 -40.5	3
 -39.5	1
 -38.5	3
 -37.5	2
 -36.5	5
 -35.5	1
 -34.5	2
 -33.5	4
 -32.5	1
 -31.5	3
 -30.5	0
 -29.5	3
 -28.5	2
 -27.5	4
 -26.5	1
 -25.5	3
 -24.5	0
 -23.5	2
 -22.5	4
 -21.5	3
 -20.5	6
 -19.5	5
 -18.5	4
 -17.5	4
 -16.5	4
 -15.5	1
 -14.5	3
 -13.5	6
 -12.5	3
 -11.5	2
 -10.5	5
  -9.5	3
  -8.5	2
  -7.5	4
  -6.5	9
  -5.5	2
  -4.5	3
  -3.5	8
  -2.5	5
  -1.5	4
  -0.5	0
   0.5	3
   1.5	5
   2.5	6
   3.5	3
   4.5	3
   5.5	5
   6.5	1
   7.5	7
   8.5	6
   9.5	7
  10.5	3
  11.5	2
  12.5	3
  13.5	5
  14.5	9
  15.5	7
  16.5	5
  17.5	5
  18.5	7
  19.5	3
  20.5	4
  21.5	0
  22.5	2
  23.5	3
  24.5	1
  25.5	2
  26.5	7
  27.5	2
  28.5	3
  29.5	5
  30.5	1
  31.5	1
  32.5	2
  33.5	3
  34.5	1
  35.5	4
  36.5	4
  37.5	6
  38.5	1
  39.5	10
  40.5	2
DB 3 MOTIF	MA1986.1	ZNF692
 -45.5	1
 -44.5	0
 -43.5	0
 -42.5	3
 -41.5	0
 -40.5	1
 -39.5	1
 -38.5	0
 -37.5	0
 -36.5	1
 -35.5	1
 -34.5	2
 -33.5	1
 -32.5	1
 -31.5	0
 -30.5	1
 -29.5	2
 -28.5	0
 -27.5	3
 -26.5	3
 -25.5	1
 -24.5	3
 -23.5	3
 -22.5	4
 -21.5	2
 -20.5	2
 -19.5	2
 -18.5	1
 -17.5	1
 -16.5	2
 -15.5	2
 -14.5	1
 -13.5	2
 -12.5	0
 -11.5	0
 -10.5	1
  -9.5	1
  -8.5	2
  -7.5	2
  -6.5	3
  -5.5	0
  -4.5	0
  -3.5	0
  -2.5	0
  -1.5	0
  -0.5	5
   0.5	0
   1.5	5
   2.5	2
   3.5	1
   4.5	3
   5.5	4
   6.5	3
   7.5	0
   8.5	3
   9.5	1
  10.5	4
  11.5	2
  12.5	1
  13.5	3
  14.5	2
  15.5	1
  16.5	2
  17.5	1
  18.5	1
  19.5	2
  20.5	0
  21.5	2
  22.5	1
  23.5	1
  24.5	3
  25.5	1
  26.5	3
  27.5	1
  28.5	0
  29.5	1
  30.5	1
  31.5	1
  32.5	0
  33.5	1
  34.5	1
  35.5	0
  36.5	0
  37.5	0
  38.5	1
  39.5	0
  40.5	0
  41.5	1
  42.5	1
  43.5	0
  44.5	2
  45.5	0
DB 3 MOTIF	MA1988.1	Atf3
 -45.0	3
 -44.0	0
 -43.0	1
 -42.0	1
 -41.0	1
 -40.0	1
 -39.0	2
 -38.0	1
 -37.0	1
 -36.0	1
 -35.0	1
 -34.0	1
 -33.0	1
 -32.0	0
 -31.0	0
 -30.0	0
 -29.0	0
 -28.0	0
 -27.0	1
 -26.0	0
 -25.0	2
 -24.0	3
 -23.0	2
 -22.0	0
 -21.0	2
 -20.0	1
 -19.0	1
 -18.0	1
 -17.0	0
 -16.0	2
 -15.0	2
 -14.0	1
 -13.0	0
 -12.0	5
 -11.0	1
 -10.0	3
  -9.0	0
  -8.0	1
  -7.0	2
  -6.0	2
  -5.0	2
  -4.0	4
  -3.0	0
  -2.0	1
  -1.0	3
   0.0	2
   1.0	4
   2.0	5
   3.0	1
   4.0	1
   5.0	1
   6.0	4
   7.0	0
   8.0	3
   9.0	1
  10.0	4
  11.0	1
  12.0	3
  13.0	2
  14.0	2
  15.0	3
  16.0	1
  17.0	1
  18.0	1
  19.0	0
  20.0	3
  21.0	0
  22.0	2
  23.0	0
  24.0	2
  25.0	0
  26.0	4
  27.0	1
  28.0	0
  29.0	0
  30.0	3
  31.0	0
  32.0	1
  33.0	1
  34.0	0
  35.0	1
  36.0	2
  37.0	0
  38.0	1
  39.0	0
  40.0	1
  41.0	0
  42.0	1
  43.0	3
  44.0	1
  45.0	1
DB 3 MOTIF	MA2002.1	Zfp335
 -45.0	1
 -44.0	1
 -43.0	3
 -42.0	2
 -41.0	1
 -40.0	1
 -39.0	1
 -38.0	0
 -37.0	1
 -36.0	0
 -35.0	0
 -34.0	1
 -33.0	3
 -32.0	2
 -31.0	0
 -30.0	3
 -29.0	2
 -28.0	4
 -27.0	4
 -26.0	1
 -25.0	2
 -24.0	2
 -23.0	2
 -22.0	3
 -21.0	4
 -20.0	0
 -19.0	1
 -18.0	1
 -17.0	2
 -16.0	1
 -15.0	3
 -14.0	2
 -13.0	3
 -12.0	0
 -11.0	4
 -10.0	3
  -9.0	4
  -8.0	3
  -7.0	0
  -6.0	1
  -5.0	3
  -4.0	3
  -3.0	3
  -2.0	6
  -1.0	1
   0.0	5
   1.0	3
   2.0	2
   3.0	4
   4.0	4
   5.0	1
   6.0	3
   7.0	4
   8.0	2
   9.0	3
  10.0	2
  11.0	3
  12.0	1
  13.0	2
  14.0	3
  15.0	2
  16.0	2
  17.0	2
  18.0	0
  19.0	1
  20.0	1
  21.0	1
  22.0	3
  23.0	6
  24.0	2
  25.0	3
  26.0	1
  27.0	0
  28.0	2
  29.0	2
  30.0	5
  31.0	3
  32.0	1
  33.0	1
  34.0	0
  35.0	2
  36.0	1
  37.0	1
  38.0	1
  39.0	2
  40.0	1
  41.0	1
  42.0	0
  43.0	0
  44.0	2
  45.0	1
DB 3 MOTIF	MA0412.2	UME6
 -43.0	0
 -42.0	0
 -41.0	0
 -40.0	0
 -39.0	0
 -38.0	0
 -37.0	0
 -36.0	0
 -35.0	0
 -34.0	0
 -33.0	1
 -32.0	0
 -31.0	0
 -30.0	0
 -29.0	1
 -28.0	1
 -27.0	1
 -26.0	0
 -25.0	1
 -24.0	0
 -23.0	0
 -22.0	0
 -21.0	1
 -20.0	1
 -19.0	1
 -18.0	1
 -17.0	2
 -16.0	2
 -15.0	0
 -14.0	0
 -13.0	0
 -12.0	1
 -11.0	1
 -10.0	2
  -9.0	1
  -8.0	0
  -7.0	1
  -6.0	1
  -5.0	0
  -4.0	0
  -3.0	0
  -2.0	1
  -1.0	0
   0.0	0
   1.0	0
   2.0	1
   3.0	1
   4.0	1
   5.0	0
   6.0	1
   7.0	0
   8.0	0
   9.0	1
  10.0	0
  11.0	0
  12.0	1
  13.0	2
  14.0	3
  15.0	0
  16.0	1
  17.0	1
  18.0	1
  19.0	1
  20.0	0
  21.0	1
  22.0	0
  23.0	0
  24.0	0
  25.0	0
  26.0	1
  27.0	0
  28.0	0
  29.0	0
  30.0	0
  31.0	0
  32.0	0
  33.0	0
  34.0	0
  35.0	0
  36.0	0
  37.0	0
  38.0	0
  39.0	0
  40.0	0
  41.0	0
  42.0	1
  43.0	0
DB 3 MOTIF	MA0489.2	Jun
 -44.5	3
 -43.5	1
 -42.5	0
 -41.5	1
 -40.5	2
 -39.5	1
 -38.5	0
 -37.5	1
 -36.5	1
 -35.5	2
 -34.5	0
 -33.5	1
 -32.5	0
 -31.5	0
 -30.5	0
 -29.5	0
 -28.5	0
 -27.5	1
 -26.5	0
 -25.5	1
 -24.5	1
 -23.5	3
 -22.5	1
 -21.5	0
 -20.5	2
 -19.5	0
 -18.5	1
 -17.5	0
 -16.5	1
 -15.5	1
 -14.5	4
 -13.5	0
 -12.5	2
 -11.5	1
 -10.5	1
  -9.5	1
  -8.5	0
  -7.5	2
  -6.5	2
  -5.5	1
  -4.5	2
  -3.5	2
  -2.5	0
  -1.5	2
  -0.5	2
   0.5	2
   1.5	4
   2.5	2
   3.5	0
   4.5	1
   5.5	2
   6.5	3
   7.5	2
   8.5	1
   9.5	1
  10.5	1
  11.5	0
  12.5	2
  13.5	2
  14.5	4
  15.5	1
  16.5	0
  17.5	1
  18.5	0
  19.5	1
  20.5	0
  21.5	0
  22.5	2
  23.5	0
  24.5	0
  25.5	1
  26.5	2
  27.5	0
  28.5	0
  29.5	1
  30.5	2
  31.5	0
  32.5	0
  33.5	0
  34.5	1
  35.5	0
  36.5	0
  37.5	1
  38.5	0
  39.5	1
  40.5	0
  41.5	1
  42.5	0
  43.5	4
  44.5	0
DB 3 MOTIF	MA1498.2	HOXA7
 -46.5	4
 -45.5	5
 -44.5	4
 -43.5	3
 -42.5	1
 -41.5	0
 -40.5	4.5
 -39.5	1
 -38.5	8
 -37.5	4
 -36.5	6
 -35.5	5
 -34.5	1
 -33.5	2
 -32.5	4
 -31.5	1
 -30.5	2
 -29.5	4
 -28.5	2
 -27.5	6
 -26.5	4
 -25.5	4
 -24.5	2
 -23.5	4.5
 -22.5	4
 -21.5	5
 -20.5	8
 -19.5	9
 -18.5	4
 -17.5	6
 -16.5	6
 -15.5	2
 -14.5	1
 -13.5	7
 -12.5	4
 -11.5	5.5
 -10.5	8
  -9.5	4
  -8.5	4
  -7.5	2
  -6.5	10
  -5.5	9
  -4.5	7
  -3.5	7
  -2.5	5
  -1.5	3
  -0.5	1
   0.5	5
   1.5	6
   2.5	2
   3.5	7
   4.5	6
   5.5	5
   6.5	1
   7.5	9
   8.5	13
   9.5	3
  10.5	4
  11.5	5
  12.5	3
  13.5	8
  14.5	3
  15.5	7
  16.5	8
  17.5	5
  18.5	7
  19.5	7
  20.5	5.5
  21.5	3
  22.5	2
  23.5	4
  24.5	4
  25.5	3
  26.5	6
  27.5	1
  28.5	8
  29.5	5
  30.5	3
  31.5	3
  32.5	2
  33.5	4
  34.5	0
  35.5	4
  36.5	3
  37.5	5
  38.5	2
  39.5	8
  40.5	3
  41.5	4
  42.5	10
  43.5	4
  44.5	7
  45.5	3
  46.5	2
DB 3 MOTIF	MA0994.2	ERF8
 -41.5	0
 -40.5	2
 -39.5	0
 -38.5	0
 -37.5	0
 -36.5	0
 -35.5	0
 -34.5	1
 -33.5	0
 -32.5	0
 -31.5	0
 -30.5	0
 -29.5	0
 -28.5	0
 -27.5	1
 -26.5	1
 -25.5	1
 -24.5	0
 -23.5	0
 -22.5	0
 -21.5	1
 -20.5	1
 -19.5	0
 -18.5	0
 -17.5	1
 -16.5	0
 -15.5	0
 -14.5	2
 -13.5	0
 -12.5	1
 -11.5	3
 -10.5	0
  -9.5	4
  -8.5	3
  -7.5	0
  -6.5	0
  -5.5	0
  -4.5	0
  -3.5	0
  -2.5	1
  -1.5	0
  -0.5	2
   0.5	1
   1.5	1
   2.5	1
   3.5	1
   4.5	1
   5.5	2
   6.5	2
   7.5	2
   8.5	0
   9.5	0
  10.5	0
  11.5	3
  12.5	0
  13.5	0
  14.5	0
  15.5	0
  16.5	0
  17.5	1
  18.5	0
  19.5	1
  20.5	0
  21.5	0
  22.5	0
  23.5	1
  24.5	1
  25.5	0
  26.5	0
  27.5	0
  28.5	0
  29.5	0
  30.5	0
  31.5	0
  32.5	2
  33.5	1
  34.5	0
  35.5	0
  36.5	1
  37.5	0
  38.5	1
  39.5	0
  40.5	0
  41.5	0
