DB 2 MOTIF	UP00099_1	Ascl2_primary
 -42.0	7
 -41.0	4
 -40.0	2
 -39.0	7
 -38.0	6
 -37.0	3
 -36.0	4
 -35.0	4
 -34.0	4
 -33.0	6
 -32.0	6
 -31.0	4
 -30.0	3
 -29.0	3
 -28.0	4
 -27.0	4
 -26.0	3
 -25.0	4
 -24.0	1
 -23.0	8
 -22.0	5
 -21.0	4
 -20.0	6
 -19.0	3
 -18.0	2
 -17.0	6
 -16.0	4
 -15.0	2
 -14.0	3
 -13.0	10
 -12.0	4
 -11.0	6
 -10.0	3
  -9.0	2
  -8.0	3
  -7.0	3
  -6.0	2
  -5.0	10
  -4.0	7
  -3.0	12
  -2.0	7
  -1.0	9
   0.0	8
   1.0	1
   2.0	8.5
   3.0	7
   4.0	6
   5.0	12.5
   6.0	8
   7.0	3
   8.0	4
   9.0	6
  10.0	6
  11.0	6
  12.0	8
  13.0	9
  14.0	5
  15.0	5
  16.0	6
  17.0	7
  18.0	9
  19.0	6
  20.0	3
  21.0	4
  22.0	6
  23.0	4
  24.0	5
  25.0	5
  26.0	5
  27.0	3
  28.0	6
  29.0	7
  30.0	5
  31.0	4
  32.0	5
  33.0	7
  34.0	6
  35.0	5
  36.0	6
  37.0	4
  38.0	7
  39.0	4
  40.0	4
  41.0	5
  42.0	8
DB 2 MOTIF	UP00085_1	Sfpi1_primary
 -43.5	8
 -42.5	17
 -41.5	11
 -40.5	8
 -39.5	5
 -38.5	9
 -37.5	15
 -36.5	11
 -35.5	12
 -34.5	7
 -33.5	13
 -32.5	8
 -31.5	10
 -30.5	15
 -29.5	13
 -28.5	10
 -27.5	8
 -26.5	14
 -25.5	20
 -24.5	5
 -23.5	14
 -22.5	13
 -21.5	16
 -20.5	18
 -19.5	13
 -18.5	15
 -17.5	14
 -16.5	19
 -15.5	16
 -14.5	19
 -13.5	14
 -12.5	26
 -11.5	14
 -10.5	16
  -9.5	15
  -8.5	18
  -7.5	12
  -6.5	12
  -5.5	12.5
  -4.5	13
  -3.5	13
  -2.5	15.5
  -1.5	8
  -0.5	21
   0.5	17
   1.5	21.5
   2.5	11
   3.5	15
   4.5	12
   5.5	12
   6.5	17
   7.5	11
   8.5	9
   9.5	18
  10.5	16
  11.5	11
  12.5	15
  13.5	16
  14.5	12
  15.5	8
  16.5	17
  17.5	6
  18.5	13
  19.5	16
  20.5	12
  21.5	17
  22.5	16
  23.5	12
  24.5	12
  25.5	11
  26.5	14
  27.5	8
  28.5	17
  29.5	15
  30.5	11
  31.5	6
  32.5	17
  33.5	11
  34.5	15.5
  35.5	8
  36.5	7
  37.5	8
  38.5	4
  39.5	11
  40.5	12
  41.5	13
  42.5	12
  43.5	8
DB 2 MOTIF	UP00013_2	Gabpa_secondary
 -42.5	17
 -41.5	24
 -40.5	15
 -39.5	14.5
 -38.5	21
 -37.5	15
 -36.5	24
 -35.5	17
 -34.5	11
 -33.5	22
 -32.5	16
 -31.5	11
 -30.5	17.5
 -29.5	16
 -28.5	16
 -27.5	14
 -26.5	13
 -25.5	9
 -24.5	11.5
 -23.5	17
 -22.5	22
 -21.5	12
 -20.5	18
 -19.5	17
 -18.5	18
 -17.5	16
 -16.5	30
 -15.5	27
 -14.5	27
 -13.5	19
 -12.5	24
 -11.5	18.5
 -10.5	21
  -9.5	13
  -8.5	23
  -7.5	19
  -6.5	25
  -5.5	19
  -4.5	17
  -3.5	25
  -2.5	19
  -1.5	19
  -0.5	27
   0.5	20
   1.5	11
   2.5	17
   3.5	20
   4.5	24.5
   5.5	18
   6.5	25
   7.5	24.5
   8.5	22
   9.5	20
  10.5	26
  11.5	16
  12.5	18
  13.5	21
  14.5	18
  15.5	23
  16.5	16
  17.5	9
  18.5	16
  19.5	19
  20.5	23
  21.5	29.5
  22.5	21
  23.5	18
  24.5	12
  25.5	26.5
  26.5	12
  27.5	7
  28.5	22
  29.5	20
  30.5	11
  31.5	18
  32.5	22
  33.5	14
  34.5	21
  35.5	13
  36.5	23
  37.5	17
  38.5	16
  39.5	17
  40.5	26
  41.5	22
  42.5	19
DB 2 MOTIF	UP00091_2	Sox5_secondary
 -43.0	15
 -42.0	19
 -41.0	15
 -40.0	20
 -39.0	12
 -38.0	17
 -37.0	13
 -36.0	15
 -35.0	15
 -34.0	18
 -33.0	24
 -32.0	11
 -31.0	13
 -30.0	13
 -29.0	12
 -28.0	15
 -27.0	22
 -26.0	18
 -25.0	15
 -24.0	14
 -23.0	13
 -22.0	9.5
 -21.0	14
 -20.0	13
 -19.0	21
 -18.0	14
 -17.0	13
 -16.0	20
 -15.0	17
 -14.0	13
 -13.0	20
 -12.0	15
 -11.0	20
 -10.0	27
  -9.0	24
  -8.0	18
  -7.0	20
  -6.0	13.5
  -5.0	17
  -4.0	18
  -3.0	9
  -2.0	25
  -1.0	22.5
   0.0	12
   1.0	20
   2.0	22
   3.0	20
   4.0	22
   5.0	19
   6.0	19
   7.0	21
   8.0	26
   9.0	17
  10.0	15
  11.0	21
  12.0	17
  13.0	25
  14.0	16
  15.0	13
  16.0	17
  17.0	18
  18.0	16
  19.0	17
  20.0	7
  21.0	22
  22.0	15
  23.0	19
  24.0	11
  25.0	20
  26.0	21
  27.0	14
  28.0	19
  29.0	17
  30.0	21
  31.0	16
  32.0	20
  33.0	18
  34.0	15
  35.0	10
  36.0	11
  37.0	17
  38.0	13
  39.0	16
  40.0	21.5
  41.0	10
  42.0	14
  43.0	15
DB 2 MOTIF	UP00038_2	Spdef_secondary
 -42.5	10
 -41.5	7
 -40.5	7
 -39.5	18
 -38.5	12
 -37.5	16
 -36.5	10
 -35.5	11
 -34.5	17
 -33.5	11
 -32.5	18
 -31.5	12
 -30.5	9
 -29.5	19
 -28.5	6
 -27.5	10
 -26.5	10
 -25.5	7
 -24.5	15
 -23.5	12
 -22.5	10
 -21.5	8
 -20.5	15
 -19.5	8
 -18.5	13
 -17.5	10
 -16.5	15
 -15.5	11
 -14.5	10
 -13.5	15
 -12.5	10
 -11.5	16
 -10.5	9
  -9.5	8
  -8.5	8
  -7.5	7
  -6.5	8
  -5.5	12
  -4.5	11
  -3.5	9
  -2.5	4
  -1.5	14
  -0.5	12
   0.5	20
   1.5	13
   2.5	12
   3.5	11
   4.5	11
   5.5	13
   6.5	18
   7.5	12
   8.5	16
   9.5	9
  10.5	11
  11.5	9
  12.5	13
  13.5	16
  14.5	8
  15.5	12
  16.5	16
  17.5	9
  18.5	15
  19.5	13
  20.5	13
  21.5	13
  22.5	13
  23.5	16
  24.5	16
  25.5	10
  26.5	18
  27.5	13
  28.5	10
  29.5	11
  30.5	9
  31.5	11
  32.5	11
  33.5	19
  34.5	16
  35.5	9
  36.5	9
  37.5	7
  38.5	9
  39.5	9
  40.5	8
  41.5	4
  42.5	4
DB 2 MOTIF	UP00176_1	Crx_3485.1
 -42.5	0
 -41.5	0
 -40.5	0
 -39.5	1
 -38.5	3
 -37.5	1
 -36.5	3
 -35.5	6
 -34.5	3
 -33.5	2
 -32.5	2
 -31.5	1
 -30.5	1
 -29.5	5
 -28.5	4
 -27.5	6
 -26.5	2
 -25.5	2
 -24.5	4
 -23.5	2
 -22.5	1
 -21.5	5
 -20.5	2
 -19.5	1
 -18.5	0
 -17.5	1
 -16.5	1
 -15.5	2
 -14.5	2
 -13.5	8
 -12.5	3
 -11.5	2
 -10.5	2
  -9.5	2
  -8.5	3
  -7.5	1
  -6.5	2
  -5.5	2
  -4.5	2
  -3.5	1
  -2.5	5
  -1.5	3
  -0.5	3
   0.5	3
   1.5	3
   2.5	1
   3.5	3
   4.5	1
   5.5	2
   6.5	1
   7.5	3
   8.5	3
   9.5	2
  10.5	3
  11.5	6
  12.5	2
  13.5	1
  14.5	0
  15.5	1
  16.5	6
  17.5	5
  18.5	1
  19.5	1
  20.5	4
  21.5	1
  22.5	3
  23.5	1
  24.5	2
  25.5	4
  26.5	6
  27.5	1
  28.5	2
  29.5	1
  30.5	3
  31.5	5
  32.5	2
  33.5	3
  34.5	4
  35.5	3
  36.5	2
  37.5	2
  38.5	5
  39.5	0
  40.5	2
  41.5	1
  42.5	1
DB 3 MOTIF	MA0111.1	Spz1
 -45.0	6
 -44.0	7
 -43.0	7
 -42.0	9
 -41.0	6
 -40.0	5
 -39.0	7
 -38.0	6
 -37.0	5
 -36.0	3
 -35.0	7
 -34.0	9
 -33.0	6
 -32.0	10
 -31.0	3
 -30.0	5
 -29.0	3
 -28.0	5
 -27.0	7
 -26.0	8
 -25.0	6
 -24.0	5
 -23.0	5
 -22.0	4
 -21.0	7
 -20.0	7
 -19.0	5
 -18.0	5
 -17.0	7
 -16.0	10
 -15.0	12
 -14.0	5
 -13.0	8
 -12.0	6
 -11.0	8
 -10.0	7
  -9.0	8
  -8.0	7
  -7.0	12
  -6.0	10
  -5.0	10
  -4.0	12
  -3.0	7
  -2.0	9
  -1.0	9
   0.0	12
   1.0	13
   2.0	5
   3.0	7
   4.0	5
   5.0	9
   6.0	4
   7.0	8
   8.0	9
   9.0	9
  10.0	6
  11.0	7
  12.0	9
  13.0	13
  14.0	10
  15.0	11
  16.0	9
  17.0	13
  18.0	8
  19.0	10
  20.0	11
  21.0	4
  22.0	11
  23.0	6
  24.0	7
  25.0	6
  26.0	9
  27.0	4
  28.0	8
  29.0	10
  30.0	4
  31.0	11
  32.0	5
  33.0	6
  34.0	6
  35.0	5
  36.0	8
  37.0	6
  38.0	3
  39.0	4
  40.0	3
  41.0	4
  42.0	4
  43.0	5
  44.0	8
  45.0	5
DB 3 MOTIF	MA0305.1	GCR2
 -47.0	8.5
 -46.0	13.5
 -45.0	6
 -44.0	4
 -43.0	10
 -42.0	5
 -41.0	8
 -40.0	8
 -39.0	9
 -38.0	12
 -37.0	7
 -36.0	13
 -35.0	6
 -34.0	8
 -33.0	12
 -32.0	14
 -31.0	6.5
 -30.0	7
 -29.0	8
 -28.0	10
 -27.0	11
 -26.0	3
 -25.0	9.5
 -24.0	12
 -23.0	10
 -22.0	7
 -21.0	9
 -20.0	7
 -19.0	14.5
 -18.0	15
 -17.0	12
 -16.0	16
 -15.0	15
 -14.0	17
 -13.0	6.5
 -12.0	7
 -11.0	9
 -10.0	17
  -9.0	12
  -8.0	11
  -7.0	10.5
  -6.0	12
  -5.0	13
  -4.0	14.5
  -3.0	15
  -2.0	8.5
  -1.0	18
   0.0	11.5
   1.0	10
   2.0	13
   3.0	15
   4.0	11
   5.0	12
   6.0	9.5
   7.0	14.5
   8.0	15
   9.0	8
  10.0	13
  11.0	11
  12.0	8
  13.0	11.5
  14.0	13
  15.0	23
  16.0	3
  17.0	12.5
  18.0	17
  19.0	9
  20.0	10
  21.0	8
  22.0	6
  23.0	7
  24.0	13
  25.0	11
  26.0	6
  27.0	9
  28.0	11.5
  29.0	8
  30.0	12
  31.0	9
  32.0	10
  33.0	6
  34.0	14
  35.0	9
  36.0	10.5
  37.0	11
  38.0	5.5
  39.0	11
  40.0	8
  41.0	7
  42.0	6
  43.0	11
  44.0	11
  45.0	8.5
  46.0	11
  47.0	11
DB 3 MOTIF	MA0581.1	LEC2
 -45.0	4
 -44.0	4
 -43.0	2
 -42.0	0
 -41.0	1
 -40.0	1
 -39.0	3
 -38.0	2
 -37.0	2
 -36.0	0
 -35.0	1
 -34.0	2
 -33.0	1
 -32.0	2
 -31.0	3
 -30.0	3
 -29.0	2
 -28.0	0
 -27.0	3
 -26.0	1
 -25.0	2
 -24.0	3
 -23.0	3
 -22.0	3
 -21.0	2
 -20.0	4
 -19.0	2
 -18.0	2
 -17.0	4
 -16.0	4
 -15.0	6
 -14.0	4
 -13.0	1
 -12.0	2
 -11.0	2
 -10.0	5
  -9.0	5
  -8.0	2
  -7.0	3
  -6.0	4
  -5.0	4
  -4.0	2
  -3.0	6
  -2.0	2
  -1.0	4
   0.0	5
   1.0	2
   2.0	2
   3.0	5
   4.0	3
   5.0	2
   6.0	0
   7.0	0
   8.0	4
   9.0	5
  10.0	2
  11.0	0
  12.0	3
  13.0	1
  14.0	6
  15.0	4
  16.0	5
  17.0	3
  18.0	5
  19.0	4
  20.0	6
  21.0	1
  22.0	4
  23.0	3
  24.0	2
  25.0	0
  26.0	1
  27.0	2
  28.0	1
  29.0	3
  30.0	1
  31.0	3
  32.0	0
  33.0	2
  34.0	1
  35.0	4
  36.0	3
  37.0	1
  38.0	2
  39.0	0
  40.0	1
  41.0	4
  42.0	2
  43.0	1
  44.0	1
  45.0	1
DB 3 MOTIF	MA0738.1	HIC2
 -46.0	18
 -45.0	13
 -44.0	11
 -43.0	12
 -42.0	14
 -41.0	8
 -40.0	10
 -39.0	10
 -38.0	12
 -37.0	10
 -36.0	7
 -35.0	7
 -34.0	6
 -33.0	10
 -32.0	8
 -31.0	9
 -30.0	8
 -29.0	10
 -28.0	17
 -27.0	11
 -26.0	11
 -25.0	6
 -24.0	19
 -23.0	10
 -22.0	16
 -21.0	10
 -20.0	14
 -19.0	11
 -18.0	14
 -17.0	16
 -16.0	7
 -15.0	11
 -14.0	12
 -13.0	4
 -12.0	12
 -11.0	13
 -10.0	11
  -9.0	17
  -8.0	14
  -7.0	12
  -6.0	14
  -5.0	15
  -4.0	10
  -3.0	9
  -2.0	19
  -1.0	22
   0.0	16
   1.0	13
   2.0	19
   3.0	2
   4.0	10
   5.0	9
   6.0	15
   7.0	13
   8.0	17
   9.0	11
  10.0	8
  11.0	11
  12.0	14
  13.0	8
  14.0	6
  15.0	9
  16.0	14
  17.0	10
  18.0	8
  19.0	13
  20.0	14
  21.0	10
  22.0	9
  23.0	14
  24.0	18
  25.0	13
  26.0	15
  27.0	10
  28.0	5
  29.0	18
  30.0	12
  31.0	17
  32.0	12
  33.0	12
  34.0	12
  35.0	7
  36.0	11
  37.0	6
  38.0	12
  39.0	11
  40.0	7
  41.0	11
  42.0	13
  43.0	6
  44.0	6
  45.0	13
  46.0	18
DB 3 MOTIF	MA0498.2	MEIS1
 -47.0	16.5
 -46.0	18
 -45.0	19
 -44.0	13
 -43.0	14
 -42.0	18.5
 -41.0	19
 -40.0	14
 -39.0	13
 -38.0	19
 -37.0	19
 -36.0	13
 -35.0	7
 -34.0	11.5
 -33.0	16
 -32.0	19
 -31.0	9.5
 -30.0	12
 -29.0	11.5
 -28.0	12
 -27.0	18
 -26.0	16
 -25.0	11.5
 -24.0	11
 -23.0	15.5
 -22.0	11
 -21.0	14
 -20.0	24.5
 -19.0	13
 -18.0	19
 -17.0	15.5
 -16.0	13
 -15.0	19
 -14.0	21.5
 -13.0	11
 -12.0	16
 -11.0	14.5
 -10.0	16.5
  -9.0	13
  -8.0	12
  -7.0	20
  -6.0	6
  -5.0	17
  -4.0	13
  -3.0	17
  -2.0	11
  -1.0	25
   0.0	28
   1.0	26.5
   2.0	13
   3.0	16.5
   4.0	14
   5.0	25.5
   6.0	18
   7.0	14
   8.0	27
   9.0	15
  10.0	22
  11.0	16
  12.0	9
  13.0	15
  14.0	10.5
  15.0	14
  16.0	12
  17.0	21
  18.0	10
  19.0	20
  20.0	13
  21.0	15
  22.0	11
  23.0	17
  24.0	16
  25.0	11
  26.0	14
  27.0	13
  28.0	12
  29.0	19
  30.0	15
  31.0	11
  32.0	14
  33.0	14
  34.0	9
  35.0	16
  36.0	20.5
  37.0	18
  38.0	20
  39.0	24.5
  40.0	18
  41.0	21.5
  42.0	16
  43.0	22
  44.0	14
  45.0	10
  46.0	17
  47.0	14.5
DB 3 MOTIF	MA0774.1	MEIS2
 -46.5	11
 -45.5	5
 -44.5	5
 -43.5	4
 -42.5	7
 -41.5	6.5
 -40.5	8
 -39.5	5
 -38.5	6
 -37.5	8
 -36.5	6
 -35.5	3
 -34.5	2
 -33.5	5.5
 -32.5	7
 -31.5	6.5
 -30.5	3
 -29.5	2
 -28.5	10
 -27.5	3
 -26.5	2
 -25.5	4
 -24.5	5
 -23.5	5
 -22.5	4
 -21.5	3
 -20.5	7
 -19.5	7
 -18.5	8
 -17.5	13
 -16.5	3
 -15.5	7
 -14.5	6
 -13.5	10
 -12.5	7
 -11.5	4
 -10.5	10
  -9.5	3
  -8.5	6
  -7.5	9
  -6.5	4
  -5.5	4
  -4.5	8
  -3.5	5
  -2.5	9
  -1.5	6
  -0.5	14
   0.5	14
   1.5	8.5
   2.5	5
   3.5	2
   4.5	8
   5.5	10
   6.5	8
   7.5	5
   8.5	8
   9.5	12
  10.5	7
  11.5	9
  12.5	4
  13.5	6
  14.5	4
  15.5	5
  16.5	6
  17.5	5
  18.5	2
  19.5	8
  20.5	4
  21.5	6
  22.5	1
  23.5	8
  24.5	10
  25.5	4
  26.5	6
  27.5	5
  28.5	10
  29.5	4
  30.5	4
  31.5	2
  32.5	6
  33.5	3
  34.5	4
  35.5	7
  36.5	7
  37.5	7
  38.5	6
  39.5	4
  40.5	7
  41.5	11
  42.5	4
  43.5	4
  44.5	10
  45.5	4
  46.5	6
DB 3 MOTIF	MA0775.1	MEIS3
 -46.5	13
 -45.5	10
 -44.5	10
 -43.5	11
 -42.5	11.5
 -41.5	12.5
 -40.5	16
 -39.5	12
 -38.5	10
 -37.5	11
 -36.5	15
 -35.5	9
 -34.5	8
 -33.5	10.5
 -32.5	14
 -31.5	10.5
 -30.5	8
 -29.5	3
 -28.5	10
 -27.5	7
 -26.5	9
 -25.5	12
 -24.5	7.5
 -23.5	4
 -22.5	10
 -21.5	7
 -20.5	16
 -19.5	9
 -18.5	12
 -17.5	15
 -16.5	13
 -15.5	14
 -14.5	11
 -13.5	8
 -12.5	11
 -11.5	15
 -10.5	16
  -9.5	10
  -8.5	14
  -7.5	9
  -6.5	12
  -5.5	11
  -4.5	17
  -3.5	9
  -2.5	15
  -1.5	11
  -0.5	18
   0.5	19.5
   1.5	22.5
   2.5	9
   3.5	11
   4.5	16
   5.5	20
   6.5	15
   7.5	14
   8.5	14
   9.5	17
  10.5	11
  11.5	13
  12.5	10.5
  13.5	9
  14.5	9
  15.5	9
  16.5	12
  17.5	11
  18.5	6
  19.5	13
  20.5	11.5
  21.5	16
  22.5	7
  23.5	12
  24.5	12
  25.5	8
  26.5	13
  27.5	11
  28.5	8
  29.5	6
  30.5	8
  31.5	10
  32.5	10
  33.5	9
  34.5	12
  35.5	9
  36.5	12
  37.5	14
  38.5	10
  39.5	8
  40.5	15
  41.5	19
  42.5	6
  43.5	11.5
  44.5	14
  45.5	11
  46.5	12
DB 3 MOTIF	MA1019.1	Glyma19g26560.1
 -46.0	8
 -45.0	6
 -44.0	4
 -43.0	5
 -42.0	6
 -41.0	3
 -40.0	6
 -39.0	4
 -38.0	3
 -37.0	6
 -36.0	4
 -35.0	10
 -34.0	7
 -33.0	5
 -32.0	3
 -31.0	5
 -30.0	2
 -29.0	2
 -28.0	7
 -27.0	5
 -26.0	4
 -25.0	6
 -24.0	6
 -23.0	5
 -22.0	3
 -21.0	4
 -20.0	8
 -19.0	4
 -18.0	3
 -17.0	4
 -16.0	4
 -15.0	3
 -14.0	5
 -13.0	2
 -12.0	7
 -11.0	4
 -10.0	4
  -9.0	3
  -8.0	7
  -7.0	4
  -6.0	4
  -5.0	5
  -4.0	5
  -3.0	3
  -2.0	6
  -1.0	9
   0.0	10.5
   1.0	9.5
   2.0	9
   3.0	7
   4.0	2
   5.0	7
   6.0	3
   7.0	5
   8.0	7
   9.0	3
  10.0	7
  11.0	3
  12.0	4
  13.0	4
  14.0	2
  15.0	5
  16.0	4
  17.0	4
  18.0	5
  19.0	4
  20.0	6
  21.0	5
  22.0	4
  23.0	7
  24.0	4
  25.0	0
  26.0	3
  27.0	3
  28.0	5
  29.0	1
  30.0	3
  31.0	3
  32.0	4
  33.0	2
  34.0	3
  35.0	0.5
  36.0	1.5
  37.0	4
  38.0	3
  39.0	4
  40.0	5
  41.0	5
  42.0	4
  43.0	4
  44.0	3
  45.0	4
  46.0	4
DB 3 MOTIF	MA1063.1	TCP19
 -45.5	10
 -44.5	8
 -43.5	6
 -42.5	7
 -41.5	1
 -40.5	6
 -39.5	9
 -38.5	4.5
 -37.5	8
 -36.5	7
 -35.5	5
 -34.5	12
 -33.5	5
 -32.5	7
 -31.5	5
 -30.5	6
 -29.5	3
 -28.5	4
 -27.5	7
 -26.5	8
 -25.5	10
 -24.5	8
 -23.5	10
 -22.5	9
 -21.5	7
 -20.5	6.5
 -19.5	12
 -18.5	5
 -17.5	2
 -16.5	5
 -15.5	5
 -14.5	6
 -13.5	4
 -12.5	8
 -11.5	5
 -10.5	8
  -9.5	8
  -8.5	6
  -7.5	9
  -6.5	6
  -5.5	11
  -4.5	4
  -3.5	8
  -2.5	8
  -1.5	12
  -0.5	9
   0.5	20
   1.5	17
   2.5	5
   3.5	6
   4.5	6
   5.5	5
   6.5	5
   7.5	7
   8.5	10
   9.5	7
  10.5	3
  11.5	8
  12.5	8
  13.5	7
  14.5	8
  15.5	7
  16.5	7
  17.5	9
  18.5	6
  19.5	7
  20.5	2
  21.5	12
  22.5	7
  23.5	11
  24.5	6
  25.5	4
  26.5	6
  27.5	8
  28.5	5
  29.5	7
  30.5	6
  31.5	5
  32.5	3
  33.5	5
  34.5	4
  35.5	2
  36.5	4
  37.5	3
  38.5	4
  39.5	11
  40.5	6
  41.5	8
  42.5	6
  43.5	3
  44.5	4
  45.5	8
DB 3 MOTIF	MA0750.2	ZBTB7A
 -44.0	3
 -43.0	5
 -42.0	2
 -41.0	6
 -40.0	3
 -39.0	4
 -38.0	8
 -37.0	6
 -36.0	5
 -35.0	6
 -34.0	6
 -33.0	5
 -32.0	9
 -31.0	5
 -30.0	5
 -29.0	6
 -28.0	10
 -27.0	2
 -26.0	3
 -25.0	8
 -24.0	13
 -23.0	5
 -22.0	8
 -21.0	10
 -20.0	6
 -19.0	8
 -18.0	9
 -17.0	8
 -16.0	9
 -15.0	7
 -14.0	8
 -13.0	8
 -12.0	6
 -11.0	17
 -10.0	6
  -9.0	10
  -8.0	9
  -7.0	10
  -6.0	12
  -5.0	7
  -4.0	6
  -3.0	8
  -2.0	5
  -1.0	6
   0.0	10
   1.0	8
   2.0	6
   3.0	9
   4.0	11
   5.0	11
   6.0	4
   7.0	8
   8.0	5
   9.0	3
  10.0	5
  11.0	7
  12.0	9
  13.0	6
  14.0	9
  15.0	14
  16.0	3
  17.0	5
  18.0	9
  19.0	2
  20.0	8
  21.0	5
  22.0	7
  23.0	10
  24.0	8
  25.0	4
  26.0	4
  27.0	5
  28.0	11
  29.0	8
  30.0	9
  31.0	3
  32.0	5
  33.0	8
  34.0	6
  35.0	3
  36.0	5
  37.0	7
  38.0	5
  39.0	3
  40.0	8
  41.0	6
  42.0	4
  43.0	5
  44.0	7
DB 3 MOTIF	MA1142.1	FOSL1::JUND
 -45.5	15
 -44.5	12
 -43.5	14
 -42.5	16
 -41.5	14
 -40.5	14
 -39.5	12
 -38.5	6
 -37.5	13
 -36.5	14
 -35.5	7
 -34.5	13
 -33.5	15
 -32.5	10
 -31.5	12
 -30.5	11
 -29.5	12
 -28.5	11
 -27.5	9
 -26.5	9
 -25.5	10
 -24.5	9
 -23.5	7
 -22.5	9
 -21.5	10
 -20.5	17
 -19.5	10
 -18.5	9
 -17.5	6
 -16.5	8
 -15.5	8
 -14.5	10
 -13.5	8
 -12.5	14
 -11.5	17
 -10.5	10
  -9.5	10
  -8.5	12
  -7.5	12
  -6.5	8
  -5.5	11
  -4.5	21
  -3.5	10
  -2.5	21
  -1.5	17
  -0.5	17
   0.5	17
   1.5	21
   2.5	16
   3.5	10
   4.5	9
   5.5	5
   6.5	12
   7.5	17
   8.5	18
   9.5	20
  10.5	10
  11.5	14
  12.5	10
  13.5	8
  14.5	13
  15.5	13
  16.5	11
  17.5	10
  18.5	14
  19.5	9
  20.5	22
  21.5	11
  22.5	13
  23.5	12
  24.5	17
  25.5	13
  26.5	11
  27.5	10
  28.5	15
  29.5	14
  30.5	12
  31.5	10
  32.5	12
  33.5	12
  34.5	7
  35.5	12
  36.5	13
  37.5	15
  38.5	12
  39.5	14
  40.5	10
  41.5	10
  42.5	10
  43.5	15
  44.5	5
  45.5	13
DB 3 MOTIF	MA1148.1	PPARA::RXRA
 -41.5	6
 -40.5	7
 -39.5	6
 -38.5	6
 -37.5	8
 -36.5	9
 -35.5	9
 -34.5	5
 -33.5	7
 -32.5	9
 -31.5	7
 -30.5	4
 -29.5	2
 -28.5	2
 -27.5	8
 -26.5	5.33333
 -25.5	9
 -24.5	9
 -23.5	9
 -22.5	9
 -21.5	6.5
 -20.5	7.33333
 -19.5	6
 -18.5	13
 -17.5	11
 -16.5	16
 -15.5	12
 -14.5	12
 -13.5	13
 -12.5	8
 -11.5	8
 -10.5	14
  -9.5	11
  -8.5	5
  -7.5	15
  -6.5	17
  -5.5	8
  -4.5	8
  -3.5	9.33333
  -2.5	12.5
  -1.5	10
  -0.5	9
   0.5	15
   1.5	4
   2.5	10
   3.5	12.5
   4.5	7
   5.5	9
   6.5	7
   7.5	9
   8.5	11
   9.5	11
  10.5	8
  11.5	6
  12.5	5
  13.5	15
  14.5	4
  15.5	5.33333
  16.5	11
  17.5	9
  18.5	9
  19.5	8
  20.5	9
  21.5	10
  22.5	7
  23.5	7
  24.5	12
  25.5	5
  26.5	8
  27.5	8
  28.5	6.5
  29.5	9
  30.5	7.33333
  31.5	7
  32.5	8
  33.5	5
  34.5	5
  35.5	8.5
  36.5	6.33333
  37.5	5
  38.5	8
  39.5	8
  40.5	11
  41.5	11.5
DB 3 MOTIF	MA1221.1	RAP2-6
 -43.0	0
 -42.0	0
 -41.0	0
 -40.0	1
 -39.0	1
 -38.0	3
 -37.0	0
 -36.0	0
 -35.0	2
 -34.0	4
 -33.0	2
 -32.0	0
 -31.0	1
 -30.0	2
 -29.0	1
 -28.0	1
 -27.0	4
 -26.0	2
 -25.0	5
 -24.0	0
 -23.0	4
 -22.0	0
 -21.0	3
 -20.0	1
 -19.0	6
 -18.0	0
 -17.0	1
 -16.0	1
 -15.0	2
 -14.0	3
 -13.0	1
 -12.0	3
 -11.0	1
 -10.0	5
  -9.0	3
  -8.0	1
  -7.0	1
  -6.0	0
  -5.0	3
  -4.0	2
  -3.0	3
  -2.0	2
  -1.0	4
   0.0	3
   1.0	2
   2.0	2
   3.0	2
   4.0	0
   5.0	2
   6.0	1
   7.0	3
   8.0	3
   9.0	0
  10.0	1
  11.0	3
  12.0	1
  13.0	2
  14.0	0
  15.0	2
  16.0	4
  17.0	3
  18.0	1
  19.0	1
  20.0	1
  21.0	2
  22.0	4
  23.0	0
  24.0	6
  25.0	1
  26.0	1
  27.0	3
  28.0	1
  29.0	1
  30.0	3
  31.0	1
  32.0	0
  33.0	1
  34.0	0
  35.0	1
  36.0	0
  37.0	2
  38.0	0
  39.0	2
  40.0	1
  41.0	0
  42.0	1
  43.0	1
DB 3 MOTIF	MA1334.1	BZIP11
 -43.0	0
 -42.0	0
 -41.0	0
 -40.0	0
 -39.0	1
 -38.0	0
 -37.0	1
 -36.0	0
 -35.0	0
 -34.0	0
 -33.0	0
 -32.0	0
 -31.0	0
 -30.0	0
 -29.0	0
 -28.0	0
 -27.0	1
 -26.0	0
 -25.0	1
 -24.0	0
 -23.0	1
 -22.0	0
 -21.0	0
 -20.0	2
 -19.0	1
 -18.0	0
 -17.0	1
 -16.0	0
 -15.0	1
 -14.0	2
 -13.0	0
 -12.0	1
 -11.0	0
 -10.0	2
  -9.0	0
  -8.0	1
  -7.0	0
  -6.0	2
  -5.0	0
  -4.0	3
  -3.0	1
  -2.0	0
  -1.0	1
   0.0	1
   1.0	1
   2.0	2
   3.0	0
   4.0	0
   5.0	2
   6.0	0
   7.0	0
   8.0	1
   9.0	1
  10.0	1
  11.0	0
  12.0	0
  13.0	0
  14.0	1
  15.0	1
  16.0	2
  17.0	0
  18.0	0
  19.0	0
  20.0	0
  21.0	0
  22.0	0
  23.0	0
  24.0	0
  25.0	0
  26.0	0
  27.0	0
  28.0	0
  29.0	0
  30.0	0
  31.0	1
  32.0	2
  33.0	0
  34.0	0
  35.0	0
  36.0	0
  37.0	0
  38.0	0
  39.0	0
  40.0	1
  41.0	0
  42.0	0
  43.0	0
DB 3 MOTIF	MA1417.1	O2
 -44.0	1
 -43.0	0
 -42.0	1
 -41.0	0
 -40.0	0
 -39.0	0
 -38.0	1
 -37.0	2
 -36.0	0
 -35.0	0
 -34.0	0
 -33.0	0
 -32.0	1
 -31.0	2
 -30.0	1
 -29.0	0
 -28.0	0
 -27.0	1
 -26.0	1
 -25.0	2
 -24.0	0
 -23.0	0
 -22.0	1
 -21.0	1
 -20.0	2
 -19.0	0
 -18.0	1
 -17.0	1
 -16.0	0
 -15.0	1
 -14.0	1
 -13.0	3
 -12.0	3
 -11.0	0
 -10.0	2
  -9.0	1
  -8.0	2
  -7.0	0
  -6.0	0
  -5.0	2
  -4.0	5
  -3.0	2
  -2.0	3
  -1.0	2
   0.0	2
   1.0	1
   2.0	1
   3.0	1
   4.0	2
   5.0	0
   6.0	2
   7.0	3
   8.0	0
   9.0	0
  10.0	1
  11.0	0
  12.0	2
  13.0	0
  14.0	1
  15.0	1
  16.0	1
  17.0	0
  18.0	1
  19.0	2
  20.0	2
  21.0	1
  22.0	0
  23.0	0
  24.0	1
  25.0	2
  26.0	3
  27.0	0
  28.0	0
  29.0	0
  30.0	0
  31.0	0
  32.0	0
  33.0	0
  34.0	1
  35.0	0
  36.0	0
  37.0	1
  38.0	0
  39.0	0
  40.0	2
  41.0	0
  42.0	0
  43.0	0
  44.0	1
DB 3 MOTIF	MA1428.1	TCP8
 -46.0	13
 -45.0	17
 -44.0	10
 -43.0	8
 -42.0	11
 -41.0	9
 -40.0	11
 -39.0	7
 -38.0	11
 -37.0	13
 -36.0	6
 -35.0	14
 -34.0	10
 -33.0	11
 -32.0	7
 -31.0	10
 -30.0	4
 -29.0	7.5
 -28.0	10.5
 -27.0	12
 -26.0	14
 -25.0	13
 -24.0	13
 -23.0	15
 -22.0	10
 -21.0	12.5
 -20.0	11.5
 -19.0	13
 -18.0	8
 -17.0	8
 -16.0	7
 -15.0	10
 -14.0	8
 -13.0	13
 -12.0	10
 -11.0	10
 -10.0	13
  -9.0	9
  -8.0	14
  -7.0	11
  -6.0	7
  -5.0	12
  -4.0	11
  -3.0	10
  -2.0	13.5
  -1.0	18
   0.0	22
   1.0	14
   2.0	16
   3.0	12
   4.0	6
   5.0	10
   6.0	7
   7.0	12
   8.0	11
   9.0	10
  10.0	11
  11.0	6
  12.0	14
  13.0	12
  14.0	12
  15.0	9
  16.0	8
  17.0	10.5
  18.0	12
  19.0	10
  20.0	11
  21.0	8
  22.0	8
  23.0	14.5
  24.0	13.5
  25.0	2
  26.0	11
  27.0	8
  28.0	11.5
  29.0	8.5
  30.0	9.5
  31.0	7.5
  32.0	5
  33.0	5
  34.0	7
  35.0	3.5
  36.0	5.5
  37.0	9
  38.0	8
  39.0	12
  40.0	7
  41.0	14
  42.0	8
  43.0	7
  44.0	5
  45.0	3
  46.0	11
DB 3 MOTIF	MA1466.1	ATF6
 -43.5	0
 -42.5	0
 -41.5	0
 -40.5	0
 -39.5	0
 -38.5	0
 -37.5	0
 -36.5	0
 -35.5	0
 -34.5	0
 -33.5	0
 -32.5	0
 -31.5	0
 -30.5	1
 -29.5	0
 -28.5	0
 -27.5	0
 -26.5	0
 -25.5	1
 -24.5	0
 -23.5	0
 -22.5	0
 -21.5	0
 -20.5	0
 -19.5	0
 -18.5	0
 -17.5	0
 -16.5	0
 -15.5	0
 -14.5	0
 -13.5	0
 -12.5	0
 -11.5	0
 -10.5	0
  -9.5	0
  -8.5	1
  -7.5	0
  -6.5	1
  -5.5	0
  -4.5	2
  -3.5	0
  -2.5	3
  -1.5	0
  -0.5	0
   0.5	0
   1.5	0
   2.5	0
   3.5	1
   4.5	0
   5.5	1
   6.5	1
   7.5	2
   8.5	0
   9.5	0
  10.5	0
  11.5	0
  12.5	0
  13.5	0
  14.5	0
  15.5	0
  16.5	0
  17.5	1
  18.5	0
  19.5	0
  20.5	0
  21.5	0
  22.5	0
  23.5	0
  24.5	0
  25.5	0
  26.5	1
  27.5	0
  28.5	0
  29.5	0
  30.5	0
  31.5	0
  32.5	0
  33.5	1
  34.5	1
  35.5	0
  36.5	0
  37.5	0
  38.5	0
  39.5	0
  40.5	0
  41.5	0
  42.5	0
  43.5	0
DB 3 MOTIF	MA1479.1	DMRTC2
 -44.5	6
 -43.5	12.5
 -42.5	5
 -41.5	8
 -40.5	7
 -39.5	3
 -38.5	6
 -37.5	6
 -36.5	8
 -35.5	4
 -34.5	9
 -33.5	8
 -32.5	8
 -31.5	8
 -30.5	6
 -29.5	5
 -28.5	9
 -27.5	8
 -26.5	4
 -25.5	9
 -24.5	7
 -23.5	3
 -22.5	4
 -21.5	4
 -20.5	15
 -19.5	8
 -18.5	6
 -17.5	12
 -16.5	2
 -15.5	9
 -14.5	7
 -13.5	5
 -12.5	11
 -11.5	12
 -10.5	9
  -9.5	4
  -8.5	4
  -7.5	6
  -6.5	7
  -5.5	11
  -4.5	4
  -3.5	7
  -2.5	3
  -1.5	15
  -0.5	16
   0.5	13
   1.5	10
   2.5	6
   3.5	9
   4.5	11
   5.5	5
   6.5	6
   7.5	7
   8.5	11
   9.5	8
  10.5	9
  11.5	7
  12.5	10
  13.5	7
  14.5	10
  15.5	5
  16.5	5
  17.5	3
  18.5	6.5
  19.5	12
  20.5	7
  21.5	7
  22.5	4
  23.5	11
  24.5	4
  25.5	11
  26.5	7
  27.5	5
  28.5	7
  29.5	6
  30.5	10
  31.5	16
  32.5	7
  33.5	11
  34.5	5
  35.5	11
  36.5	8
  37.5	8
  38.5	8
  39.5	9
  40.5	5
  41.5	6
  42.5	3
  43.5	4
  44.5	6
DB 3 MOTIF	MA1523.1	MSANTD3
 -45.5	5.125
 -44.5	8
 -43.5	6.5
 -42.5	12
 -41.5	9
 -40.5	12
 -39.5	16.5
 -38.5	9
 -37.5	18
 -36.5	16
 -35.5	14
 -34.5	8.25
 -33.5	11
 -32.5	5.125
 -31.5	10
 -30.5	15
 -29.5	21
 -28.5	14
 -27.5	12
 -26.5	15
 -25.5	8
 -24.5	7
 -23.5	18
 -22.5	6.25
 -21.5	14.125
 -20.5	12
 -19.5	13
 -18.5	13
 -17.5	9
 -16.5	13
 -15.5	14
 -14.5	15
 -13.5	13
 -12.5	15
 -11.5	7
 -10.5	8
  -9.5	9
  -8.5	10.375
  -7.5	10.25
  -6.5	12
  -5.5	11
  -4.5	15
  -3.5	14.5
  -2.5	12
  -1.5	23.25
  -0.5	21
   0.5	10
   1.5	17
   2.5	18
   3.5	14
   4.5	10
   5.5	11
   6.5	12.25
   7.5	10.125
   8.5	11
   9.5	10
  10.5	11
  11.5	15
  12.5	14.25
  13.5	12
  14.5	6
  15.5	14
  16.5	11.5
  17.5	14
  18.5	11.125
  19.5	10
  20.5	7
  21.5	16.5
  22.5	13.25
  23.5	15
  24.5	10
  25.5	10
  26.5	10
  27.5	7.125
  28.5	17.5
  29.5	5
  30.5	3.5
  31.5	6
  32.5	13
  33.5	13.125
  34.5	15
  35.5	13
  36.5	12
  37.5	6
  38.5	13.25
  39.5	10
  40.5	5
  41.5	6
  42.5	6.25
  43.5	7
  44.5	10
  45.5	8
DB 3 MOTIF	MA1620.1	Ptf1A
 -44.5	6
 -43.5	8
 -42.5	7
 -41.5	9
 -40.5	2
 -39.5	4
 -38.5	7
 -37.5	5
 -36.5	2
 -35.5	6
 -34.5	2
 -33.5	5
 -32.5	4
 -31.5	7
 -30.5	7
 -29.5	4
 -28.5	7
 -27.5	6
 -26.5	4
 -25.5	9
 -24.5	4
 -23.5	7
 -22.5	9
 -21.5	6
 -20.5	6
 -19.5	3
 -18.5	6
 -17.5	5
 -16.5	3
 -15.5	4
 -14.5	6
 -13.5	6
 -12.5	8
 -11.5	9
 -10.5	9
  -9.5	10
  -8.5	12
  -7.5	1
  -6.5	8.5
  -5.5	6
  -4.5	11
  -3.5	16
  -2.5	11
  -1.5	9
  -0.5	11
   0.5	7
   1.5	8
   2.5	8
   3.5	7
   4.5	9
   5.5	3
   6.5	5
   7.5	2
   8.5	5
   9.5	10
  10.5	7
  11.5	11
  12.5	5
  13.5	10
  14.5	7
  15.5	4
  16.5	7
  17.5	14
  18.5	7
  19.5	7
  20.5	6
  21.5	6
  22.5	8
  23.5	4
  24.5	6
  25.5	7
  26.5	4
  27.5	4
  28.5	13
  29.5	6
  30.5	3
  31.5	4
  32.5	11
  33.5	8
  34.5	5.5
  35.5	5
  36.5	6
  37.5	5
  38.5	9
  39.5	5
  40.5	7
  41.5	3
  42.5	8
  43.5	7
  44.5	3
DB 3 MOTIF	MA1708.1	ETV7
 -45.0	5
 -44.0	10
 -43.0	4
 -42.0	7
 -41.0	6
 -40.0	5
 -39.0	5
 -38.0	6
 -37.0	11
 -36.0	8
 -35.0	8
 -34.0	7
 -33.0	13
 -32.0	12
 -31.0	12
 -30.0	7
 -29.0	13
 -28.0	7
 -27.0	9
 -26.0	7
 -25.0	9
 -24.0	8
 -23.0	6
 -22.0	11
 -21.0	10
 -20.0	13
 -19.0	6
 -18.0	11
 -17.0	16
 -16.0	20
 -15.0	12
 -14.0	9
 -13.0	14
 -12.0	9
 -11.0	11
 -10.0	11
  -9.0	15
  -8.0	18
  -7.0	9
  -6.0	14
  -5.0	9
  -4.0	16
  -3.0	10
  -2.0	6
  -1.0	12
   0.0	13
   1.0	19
   2.0	8
   3.0	9
   4.0	10
   5.0	8
   6.0	16
   7.0	6
   8.0	8
   9.0	5
  10.0	14
  11.0	10
  12.0	13
  13.0	10
  14.0	15
  15.0	13
  16.0	15
  17.0	7
  18.0	5
  19.0	12
  20.0	10
  21.0	10
  22.0	12
  23.0	11
  24.0	10
  25.0	12
  26.0	7
  27.0	10
  28.0	10
  29.0	17
  30.0	12
  31.0	6
  32.0	5
  33.0	12
  34.0	11
  35.0	8
  36.0	5
  37.0	10
  38.0	10
  39.0	6
  40.0	8
  41.0	5
  42.0	8
  43.0	7
  44.0	8
  45.0	16
DB 3 MOTIF	MA1659.1	ABF4
 -44.5	6
 -43.5	5
 -42.5	6
 -41.5	7
 -40.5	5
 -39.5	6
 -38.5	2
 -37.5	5
 -36.5	5
 -35.5	7
 -34.5	4
 -33.5	2
 -32.5	1
 -31.5	6
 -30.5	6
 -29.5	9
 -28.5	11
 -27.5	8
 -26.5	4
 -25.5	8
 -24.5	5
 -23.5	8
 -22.5	3
 -21.5	10
 -20.5	4
 -19.5	6
 -18.5	3
 -17.5	6
 -16.5	5
 -15.5	7
 -14.5	5
 -13.5	6
 -12.5	8
 -11.5	5
 -10.5	5
  -9.5	10
  -8.5	7
  -7.5	5
  -6.5	4
  -5.5	4
  -4.5	12
  -3.5	6
  -2.5	18
  -1.5	6
  -0.5	10
   0.5	3
   1.5	6
   2.5	7
   3.5	14
   4.5	9
   5.5	4
   6.5	5
   7.5	6
   8.5	8
   9.5	4
  10.5	7
  11.5	5
  12.5	9
  13.5	8
  14.5	5
  15.5	8
  16.5	2
  17.5	5
  18.5	7
  19.5	7
  20.5	10
  21.5	5
  22.5	6
  23.5	5
  24.5	11
  25.5	8
  26.5	4
  27.5	5
  28.5	7
  29.5	7
  30.5	5
  31.5	2
  32.5	9
  33.5	9
  34.5	3
  35.5	3
  36.5	3
  37.5	5
  38.5	2
  39.5	6
  40.5	5
  41.5	3
  42.5	4
  43.5	8
  44.5	3
DB 3 MOTIF	MA0473.3	ELF1
 -43.5	6
 -42.5	4
 -41.5	5
 -40.5	8
 -39.5	4
 -38.5	8
 -37.5	9
 -36.5	9
 -35.5	9
 -34.5	12
 -33.5	8
 -32.5	12
 -31.5	8
 -30.5	6
 -29.5	7
 -28.5	8
 -27.5	8
 -26.5	6
 -25.5	8
 -24.5	20
 -23.5	9
 -22.5	5
 -21.5	10
 -20.5	12
 -19.5	5
 -18.5	8
 -17.5	15
 -16.5	8
 -15.5	10
 -14.5	9
 -13.5	13
 -12.5	6
 -11.5	10
 -10.5	13
  -9.5	13
  -8.5	11
  -7.5	10
  -6.5	8
  -5.5	12
  -4.5	12
  -3.5	10
  -2.5	5
  -1.5	8
  -0.5	9
   0.5	14
   1.5	8
   2.5	5
   3.5	10
   4.5	13
   5.5	13
   6.5	7
   7.5	9
   8.5	6
   9.5	12
  10.5	11
  11.5	9
  12.5	11
  13.5	8
  14.5	10
  15.5	9
  16.5	12
  17.5	7
  18.5	8
  19.5	8
  20.5	9
  21.5	6
  22.5	12
  23.5	7
  24.5	11
  25.5	7
  26.5	6
  27.5	15
  28.5	12
  29.5	11
  30.5	7
  31.5	3
  32.5	6
  33.5	12
  34.5	8
  35.5	10
  36.5	8
  37.5	3
  38.5	3
  39.5	8
  40.5	8
  41.5	6
  42.5	7
  43.5	6
DB 3 MOTIF	MA0761.2	ETV1
 -43.5	7
 -42.5	8
 -41.5	5
 -40.5	8
 -39.5	6
 -38.5	9
 -37.5	8
 -36.5	11
 -35.5	7
 -34.5	9
 -33.5	8
 -32.5	14
 -31.5	14
 -30.5	8.5
 -29.5	12
 -28.5	9
 -27.5	10
 -26.5	10.5
 -25.5	10
 -24.5	18
 -23.5	12
 -22.5	8
 -21.5	12
 -20.5	14
 -19.5	8
 -18.5	11
 -17.5	16
 -16.5	13
 -15.5	13
 -14.5	10
 -13.5	15
 -12.5	5
 -11.5	10
 -10.5	15
  -9.5	12
  -8.5	10
  -7.5	12
  -6.5	11
  -5.5	13
  -4.5	21
  -3.5	13
  -2.5	7
  -1.5	12
  -0.5	8
   0.5	14
   1.5	10
   2.5	9
   3.5	15
   4.5	11
   5.5	11
   6.5	13
   7.5	9
   8.5	8
   9.5	14
  10.5	8
  11.5	7
  12.5	17
  13.5	8
  14.5	12
  15.5	9
  16.5	11
  17.5	6
  18.5	13
  19.5	10
  20.5	12
  21.5	5
  22.5	14
  23.5	7
  24.5	11
  25.5	9
  26.5	4
  27.5	16
  28.5	9
  29.5	13
  30.5	12
  31.5	5
  32.5	7
  33.5	10
  34.5	6
  35.5	11
  36.5	8
  37.5	6
  38.5	5
  39.5	6
  40.5	7
  41.5	6
  42.5	6
  43.5	7
DB 3 MOTIF	MA0062.3	GABPA
 -43.5	6
 -42.5	8
 -41.5	8
 -40.5	11
 -39.5	4
 -38.5	10
 -37.5	9
 -36.5	9
 -35.5	5
 -34.5	9
 -33.5	11
 -32.5	14
 -31.5	9
 -30.5	11
 -29.5	12
 -28.5	9
 -27.5	13
 -26.5	11
 -25.5	14
 -24.5	22
 -23.5	14
 -22.5	11
 -21.5	15
 -20.5	16
 -19.5	7
 -18.5	9
 -17.5	20
 -16.5	11
 -15.5	17
 -14.5	15
 -13.5	12
 -12.5	7
 -11.5	13
 -10.5	17
  -9.5	16
  -8.5	13
  -7.5	12
  -6.5	9
  -5.5	16
  -4.5	21
  -3.5	12
  -2.5	9
  -1.5	14
  -0.5	7
   0.5	14
   1.5	18
   2.5	9
   3.5	15
   4.5	14
   5.5	17
   6.5	10
   7.5	14
   8.5	8
   9.5	18
  10.5	13
  11.5	6
  12.5	22
  13.5	12
  14.5	10
  15.5	11
  16.5	12
  17.5	12
  18.5	9
  19.5	11
  20.5	12
  21.5	8
  22.5	15
  23.5	11
  24.5	13
  25.5	9
  26.5	6
  27.5	17
  28.5	10
  29.5	13
  30.5	14
  31.5	3
  32.5	9
  33.5	10
  34.5	8
  35.5	11
  36.5	10
  37.5	10
  38.5	5
  39.5	10
  40.5	8
  41.5	9
  42.5	8
  43.5	7
DB 3 MOTIF	MA1696.1	ARF39
 -44.5	5
 -43.5	8
 -42.5	5
 -41.5	7
 -40.5	2
 -39.5	3
 -38.5	4
 -37.5	3
 -36.5	7
 -35.5	9
 -34.5	5
 -33.5	3
 -32.5	4
 -31.5	7
 -30.5	5
 -29.5	2
 -28.5	6
 -27.5	7
 -26.5	7
 -25.5	7
 -24.5	12
 -23.5	7
 -22.5	2
 -21.5	5
 -20.5	8
 -19.5	8
 -18.5	5
 -17.5	8
 -16.5	9
 -15.5	3
 -14.5	5
 -13.5	6
 -12.5	7
 -11.5	6
 -10.5	5
  -9.5	7
  -8.5	6
  -7.5	2
  -6.5	4
  -5.5	6
  -4.5	6
  -3.5	8
  -2.5	7
  -1.5	11
  -0.5	8
   0.5	14
   1.5	12
   2.5	2
   3.5	8
   4.5	2
   5.5	5
   6.5	7
   7.5	4
   8.5	9
   9.5	3
  10.5	6
  11.5	5
  12.5	10
  13.5	5
  14.5	7
  15.5	4
  16.5	7
  17.5	9
  18.5	11
  19.5	7
  20.5	4
  21.5	3
  22.5	6
  23.5	4
  24.5	3
  25.5	6
  26.5	3
  27.5	6
  28.5	6
  29.5	5
  30.5	5
  31.5	9
  32.5	8
  33.5	5
  34.5	3
  35.5	4
  36.5	3
  37.5	4
  38.5	7
  39.5	6
  40.5	5
  41.5	11
  42.5	8
  43.5	7
  44.5	3
DB 3 MOTIF	MA1846.1	Brachyury
 -39.5	8
 -38.5	9
 -37.5	4
 -36.5	12
 -35.5	16
 -34.5	7
 -33.5	9.5
 -32.5	7
 -31.5	11
 -30.5	5
 -29.5	11
 -28.5	6
 -27.5	9
 -26.5	13
 -25.5	8
 -24.5	7
 -23.5	10
 -22.5	18
 -21.5	10
 -20.5	11
 -19.5	15
 -18.5	11
 -17.5	8
 -16.5	13
 -15.5	10
 -14.5	13
 -13.5	12
 -12.5	20
 -11.5	9
 -10.5	20
  -9.5	11.5
  -8.5	9
  -7.5	10
  -6.5	16
  -5.5	17
  -4.5	10
  -3.5	14
  -2.5	10
  -1.5	11
  -0.5	18
   0.5	8
   1.5	14
   2.5	16
   3.5	12
   4.5	8
   5.5	7
   6.5	7
   7.5	6
   8.5	12
   9.5	14
  10.5	15
  11.5	8
  12.5	9
  13.5	13
  14.5	13
  15.5	10
  16.5	11
  17.5	12
  18.5	9
  19.5	12
  20.5	13
  21.5	21
  22.5	9
  23.5	12
  24.5	10
  25.5	12
  26.5	12
  27.5	10
  28.5	7
  29.5	8
  30.5	14
  31.5	6
  32.5	10
  33.5	9
  34.5	11
  35.5	6
  36.5	7
  37.5	10
  38.5	8
  39.5	13
DB 3 MOTIF	MA1919.1	Tbox-a
 -39.5	8
 -38.5	11
 -37.5	6
 -36.5	12
 -35.5	10
 -34.5	13
 -33.5	8
 -32.5	7
 -31.5	10
 -30.5	11.5
 -29.5	5
 -28.5	12
 -27.5	8
 -26.5	5
 -25.5	10
 -24.5	11
 -23.5	12
 -22.5	3
 -21.5	13
 -20.5	10
 -19.5	9
 -18.5	8
 -17.5	13
 -16.5	13
 -15.5	12
 -14.5	11
 -13.5	14
 -12.5	11
 -11.5	13
 -10.5	11
  -9.5	15
  -8.5	6
  -7.5	17
  -6.5	10
  -5.5	14
  -4.5	16
  -3.5	14
  -2.5	9
  -1.5	14
  -0.5	16
   0.5	15
   1.5	15
   2.5	14
   3.5	14
   4.5	10
   5.5	10
   6.5	9
   7.5	11
   8.5	12
   9.5	20
  10.5	13
  11.5	13
  12.5	8
  13.5	11.5
  14.5	9
  15.5	11
  16.5	21
  17.5	13
  18.5	6
  19.5	16
  20.5	18
  21.5	11
  22.5	14
  23.5	10
  24.5	13
  25.5	7
  26.5	14
  27.5	8
  28.5	4
  29.5	3
  30.5	8
  31.5	12
  32.5	14
  33.5	9
  34.5	8
  35.5	8
  36.5	8
  37.5	7
  38.5	11
  39.5	8
DB 3 MOTIF	MA1944.1	ETV5::DRGX
 -43.5	2
 -42.5	3
 -41.5	5
 -40.5	1
 -39.5	7
 -38.5	6
 -37.5	8
 -36.5	7
 -35.5	5
 -34.5	7
 -33.5	6
 -32.5	4
 -31.5	7
 -30.5	7
 -29.5	5
 -28.5	10
 -27.5	6
 -26.5	8
 -25.5	6
 -24.5	10
 -23.5	3
 -22.5	12
 -21.5	5
 -20.5	7
 -19.5	5
 -18.5	5
 -17.5	8
 -16.5	5
 -15.5	7
 -14.5	8
 -13.5	7
 -12.5	7
 -11.5	8
 -10.5	8
  -9.5	5
  -8.5	6
  -7.5	8
  -6.5	8
  -5.5	6
  -4.5	5
  -3.5	5
  -2.5	11
  -1.5	9
  -0.5	4
   0.5	9
   1.5	10
   2.5	7
   3.5	9
   4.5	9
   5.5	5
   6.5	8
   7.5	6
   8.5	6
   9.5	9
  10.5	4
  11.5	3
  12.5	5
  13.5	12
  14.5	6
  15.5	5
  16.5	7
  17.5	4
  18.5	9
  19.5	9
  20.5	6
  21.5	4
  22.5	10
  23.5	5
  24.5	6
  25.5	4
  26.5	7
  27.5	6
  28.5	8
  29.5	6
  30.5	9
  31.5	7
  32.5	10
  33.5	4
  34.5	3
  35.5	8
  36.5	6
  37.5	4
  38.5	3
  39.5	7
  40.5	4
  41.5	2
  42.5	5
  43.5	4
DB 3 MOTIF	MA0474.3	Erg
 -43.5	6
 -42.5	9
 -41.5	4
 -40.5	7
 -39.5	4
 -38.5	8
 -37.5	8
 -36.5	11
 -35.5	11
 -34.5	8
 -33.5	8
 -32.5	13
 -31.5	13
 -30.5	7
 -29.5	11
 -28.5	10
 -27.5	10
 -26.5	9
 -25.5	10
 -24.5	18
 -23.5	12
 -22.5	8
 -21.5	11
 -20.5	12
 -19.5	7
 -18.5	9
 -17.5	17
 -16.5	12
 -15.5	14
 -14.5	12
 -13.5	15
 -12.5	4
 -11.5	11
 -10.5	12
  -9.5	13
  -8.5	9
  -7.5	14
  -6.5	12
  -5.5	13
  -4.5	20
  -3.5	11
  -2.5	6
  -1.5	12
  -0.5	9
   0.5	13
   1.5	10
   2.5	9
   3.5	14
   4.5	13
   5.5	13
   6.5	10
   7.5	11
   8.5	5.5
   9.5	16
  10.5	8
  11.5	7
  12.5	16
  13.5	8
  14.5	12
  15.5	8
  16.5	10
  17.5	7
  18.5	12
  19.5	9
  20.5	15
  21.5	5.5
  22.5	9
  23.5	8
  24.5	12
  25.5	9
  26.5	4
  27.5	16
  28.5	10
  29.5	12
  30.5	14
  31.5	4
  32.5	5
  33.5	10
  34.5	6
  35.5	9
  36.5	9
  37.5	5
  38.5	5
  39.5	8
  40.5	8
  41.5	6
  42.5	6
  43.5	7
DB 3 MOTIF	MA1359.2	BPE
 -43.5	0
 -42.5	0
 -41.5	0
 -40.5	0
 -39.5	0
 -38.5	0
 -37.5	0
 -36.5	1
 -35.5	2
 -34.5	0
 -33.5	1
 -32.5	0
 -31.5	1
 -30.5	1
 -29.5	1
 -28.5	0
 -27.5	0
 -26.5	0
 -25.5	3
 -24.5	1
 -23.5	1
 -22.5	0
 -21.5	1
 -20.5	3
 -19.5	1
 -18.5	0
 -17.5	0
 -16.5	0
 -15.5	2
 -14.5	0
 -13.5	2
 -12.5	2
 -11.5	0
 -10.5	1
  -9.5	0
  -8.5	1
  -7.5	0
  -6.5	0
  -5.5	1
  -4.5	2
  -3.5	1
  -2.5	2
  -1.5	1
  -0.5	1
   0.5	0
   1.5	0
   2.5	1
   3.5	5
   4.5	2
   5.5	0
   6.5	0
   7.5	1
   8.5	3
   9.5	2
  10.5	1
  11.5	1
  12.5	0
  13.5	2
  14.5	1
  15.5	1
  16.5	2
  17.5	1
  18.5	0
  19.5	0
  20.5	1
  21.5	2
  22.5	2
  23.5	1
  24.5	1
  25.5	1
  26.5	0
  27.5	0
  28.5	2
  29.5	0
  30.5	0
  31.5	0
  32.5	1
  33.5	0
  34.5	0
  35.5	1
  36.5	1
  37.5	0
  38.5	0
  39.5	0
  40.5	0
  41.5	1
  42.5	0
  43.5	0
