********************************************************************************
STREME - Sensitive, Thorough, Rapid, Enriched Motif Elicitation
********************************************************************************
MEME version 5.5.7 (Release date: Wed Jun 19 13:59:04 2024 -0700)

For further information on how to interpret these results please access https://meme-suite.org/meme.
To get a copy of the MEME Suite software please access https://meme-suite.org.

********************************************************************************


********************************************************************************
REFERENCE
********************************************************************************
If you use this program in your research, please cite:

Timothy L. Bailey,
"STREME: accurate and versatile sequence motif discovery",
Bioinformatics, Mar. 24, 2021.
********************************************************************************


ALPHABET= ACGT

strands: + -

Background letter frequencies
A 0.319 C 0.181 G 0.181 T 0.319 

MOTIF 1-GCGATGA STREME-1
letter-probability matrix: alength= 4 w= 7 nsites= 443 E= 8.1e-003
 0.019148 0.315246 0.636975 0.028631
 0.090219 0.767742 0.065550 0.076489
 0.000376 0.000214 0.999034 0.000376
 0.632600 0.000214 0.073944 0.293243
 0.000376 0.037168 0.000214 0.962242
 0.000376 0.000214 0.999034 0.000376
 0.736752 0.130575 0.132297 0.000376

MOTIF 2-CCCTTTT STREME-2
letter-probability matrix: alength= 4 w= 7 nsites= 816 E= 9.5e-003
 0.038577 0.960670 0.000273 0.000480
 0.136202 0.863046 0.000273 0.000480
 0.243925 0.742019 0.013577 0.000480
 0.101009 0.000273 0.038421 0.860297
 0.008420 0.167776 0.228455 0.595349
 0.038187 0.058657 0.123758 0.779398
 0.150629 0.081222 0.034184 0.733965

MOTIF 3-ATATATAAA STREME-3
letter-probability matrix: alength= 4 w= 9 nsites= 318 E= 3.9e-002
 0.694323 0.000284 0.230069 0.075324
 0.000500 0.214273 0.000284 0.784943
 0.998931 0.000284 0.000284 0.000500
 0.042010 0.000284 0.018993 0.938712
 0.998931 0.000284 0.000284 0.000500
 0.000500 0.000284 0.000284 0.998931
 0.998931 0.000284 0.000284 0.000500
 0.893892 0.037714 0.067894 0.000500
 0.718417 0.107048 0.174035 0.000500

MOTIF 4-ATTCCTAHMTMCY STREME-4
letter-probability matrix: alength= 4 w= 13 nsites= 60 E= 1.8e-001
 0.979373 0.019273 0.000492 0.000863
 0.000863 0.000492 0.000492 0.998154
 0.000863 0.000492 0.019273 0.979373
 0.019644 0.979001 0.000492 0.000863
 0.019644 0.979001 0.000492 0.000863
 0.000863 0.000492 0.000492 0.998154
 0.979373 0.000492 0.000492 0.019644
 0.245267 0.433515 0.000492 0.320726
 0.546349 0.414734 0.019273 0.019644
 0.000863 0.000492 0.000492 0.998154
 0.433887 0.564758 0.000492 0.000863
 0.000863 0.997782 0.000492 0.000863
 0.000863 0.489858 0.000492 0.508787

MOTIF 5-GAAAAAAAAAAA STREME-5
letter-probability matrix: alength= 4 w= 12 nsites= 112 E= 3.5e-001
 0.034701 0.010644 0.878623 0.076032
 0.914218 0.017875 0.029142 0.038765
 0.917825 0.070163 0.003983 0.008028
 0.969984 0.017875 0.006126 0.006015
 0.951632 0.000456 0.017875 0.030037
 0.916700 0.009869 0.037786 0.035644
 0.939106 0.000456 0.052410 0.008028
 0.939814 0.000456 0.029692 0.030037
 0.983594 0.000456 0.011796 0.004154
 0.937487 0.000456 0.032019 0.030037
 0.968743 0.000456 0.020588 0.010214
 0.873032 0.003809 0.078067 0.045092

MOTIF 6-ATGTAGAAATAC STREME-6
letter-probability matrix: alength= 4 w= 12 nsites= 31 E= 3.7e-001
 0.938055 0.016491 0.016491 0.028964
 0.028964 0.016491 0.016491 0.938055
 0.028964 0.016491 0.925582 0.028964
 0.028964 0.016491 0.016491 0.938055
 0.938055 0.016491 0.016491 0.028964
 0.028964 0.016491 0.925582 0.028964
 0.938055 0.016491 0.016491 0.028964
 0.938055 0.016491 0.016491 0.028964
 0.938055 0.016491 0.016491 0.028964
 0.028964 0.016491 0.016491 0.938055
 0.938055 0.016491 0.016491 0.028964
 0.028964 0.925582 0.016491 0.028964

MOTIF 7-TAATATTA STREME-7
letter-probability matrix: alength= 4 w= 8 nsites= 98 E= 4.1e-001
 0.028964 0.016491 0.016491 0.938055
 0.938055 0.016491 0.016491 0.028964
 0.938055 0.016491 0.016491 0.028964
 0.028964 0.016491 0.016491 0.938055
 0.938055 0.016491 0.016491 0.028964
 0.028964 0.016491 0.016491 0.938055
 0.028964 0.016491 0.016491 0.938055
 0.938055 0.016491 0.016491 0.028964

MOTIF 8-AAATTTTTCA STREME-8
letter-probability matrix: alength= 4 w= 10 nsites= 134 E= 4.3e-001
 0.863820 0.031041 0.031041 0.074098
 0.907851 0.043315 0.003129 0.045705
 0.998593 0.000374 0.000374 0.000658
 0.086874 0.000374 0.000374 0.912377
 0.031324 0.014684 0.001705 0.952287
 0.035230 0.008107 0.003129 0.953534
 0.006595 0.028998 0.024392 0.940015
 0.069839 0.024908 0.000374 0.904879
 0.000658 0.998310 0.000374 0.000658
 0.941330 0.000374 0.057638 0.000658

MOTIF 9-CAAGAAG STREME-9
letter-probability matrix: alength= 4 w= 7 nsites= 679 E= 5.7e-001
 0.000867 0.924905 0.058148 0.016079
 0.908055 0.002053 0.001936 0.087955
 0.964918 0.021954 0.001908 0.011220
 0.000867 0.056341 0.926073 0.016718
 0.917530 0.044407 0.002053 0.036010
 0.869978 0.023354 0.101665 0.005003
 0.158566 0.089836 0.709152 0.042447

MOTIF 10-ATTTGAAAAGTG STREME-10
letter-probability matrix: alength= 4 w= 12 nsites= 32 E= 1.5e+000
 0.922805 0.000963 0.000963 0.075270
 0.001691 0.000963 0.000963 0.996384
 0.001691 0.000963 0.000963 0.996384
 0.001691 0.000963 0.000963 0.996384
 0.001691 0.000963 0.995656 0.001691
 0.996384 0.000963 0.000963 0.001691
 0.959600 0.037747 0.000963 0.001691
 0.922815 0.000963 0.037747 0.038475
 0.996384 0.000963 0.000963 0.001691
 0.075270 0.000963 0.922076 0.001691
 0.038475 0.037747 0.000963 0.922815
 0.075270 0.000963 0.922076 0.001691

MOTIF 11-AAGACATCCTCT STREME-11
letter-probability matrix: alength= 4 w= 12 nsites= 34 E= 1.5e+000
 0.938055 0.016491 0.016491 0.028964
 0.938055 0.016491 0.016491 0.028964
 0.028964 0.016491 0.925582 0.028964
 0.938055 0.016491 0.016491 0.028964
 0.028964 0.925582 0.016491 0.028964
 0.938055 0.016491 0.016491 0.028964
 0.028964 0.016491 0.016491 0.938055
 0.028964 0.925582 0.016491 0.028964
 0.028964 0.925582 0.016491 0.028964
 0.028964 0.016491 0.016491 0.938055
 0.028964 0.925582 0.016491 0.028964
 0.028964 0.016491 0.016491 0.938055

MOTIF 12-ACGGAATGAGGA STREME-12
letter-probability matrix: alength= 4 w= 12 nsites= 27 E= 1.5e+000
 0.996097 0.001039 0.001039 0.001825
 0.001825 0.955613 0.040738 0.001825
 0.001825 0.040738 0.955613 0.001825
 0.001825 0.001039 0.995312 0.001825
 0.956399 0.001039 0.001039 0.041523
 0.996097 0.001039 0.001039 0.001825
 0.001825 0.040738 0.001039 0.956399
 0.001825 0.001039 0.955613 0.041523
 0.718206 0.001039 0.001039 0.279716
 0.001825 0.040738 0.717420 0.240017
 0.041523 0.001039 0.955613 0.001825
 0.916700 0.080436 0.001039 0.001825

********************************************************************************
Stopped because 3 consecutive motifs exceeded the p-value threshold (0.05).
********************************************************************************
COMMAND:	streme --verbosity 1 --oc streme_out -dna --seed 0 --p ./seqs-centered --minw 6 --maxw 15 --time 5742 --order 2 --thresh 0.05 --align center --totallength 4000000
********************************************************************************
CPU:		noble-meme.grid.gs.washington.edu
********************************************************************************
FINALTIME:	42.56 seconds
********************************************************************************
